"Jan" "Feb" "Mar" "Apr" "Mai" "Jun" "Jul" "Max_csi" "Month"
"103.1" 0.382352941176471 0.457142857142857 0.516129032258065 0.516129032258065 0.53125 0.5 0.125 0.53125 5
"103.40" 0.294117647058824 0.4 0.5 0.454545454545455 0.444444444444444 0.413793103448276 0.222222222222222 0.5 3
"104.23" 0 0.333333333333333 0.333333333333333 0.333333333333333 0.6 0.5 0 0.6 5
"105.1" 0 0 0 0.0909090909090909 0 -1 -1 0.0909090909090909 4
"107.3" 0 0 0 0.5 0 0 0 0.5 4
"109.29" 0.3 0.19047619047619 0.25 0.217391304347826 0.227272727272727 0.2 0.25 0.3 1
"109.42" 0.310344827586207 0.3125 0.34375 0.4 0.242424242424242 0.260869565217391 0 0.4 4
"109.9" 0.303030303030303 0.210526315789474 0.307692307692308 0.275 0.390243902439024 0.346153846153846 0 0.390243902439024 5
"112.8" 0.166666666666667 0.15 0.238095238095238 0.181818181818182 0.291666666666667 0.222222222222222 0 0.291666666666667 5
"12.150" 0.433333333333333 0.482758620689655 0.5 0.470588235294118 0.482758620689655 0.285714285714286 -1 0.5 3
"12.171" 0.5 0.571428571428571 0.533333333333333 0.516129032258065 0.555555555555556 0 0 0.571428571428571 2
"12.178" 0.105263157894737 0.176470588235294 0.235294117647059 0.25 0.277777777777778 0 0 0.277777777777778 5
"12.192" 0 0 0 0 0.142857142857143 0 0 0.142857142857143 5
"12.193" 0 0.272727272727273 0.272727272727273 0.384615384615385 0.444444444444444 0 0 0.444444444444444 5
"12.286" 0.2 0.333333333333333 0.388888888888889 0.476190476190476 0.5 -1 -1 0.5 5
"12.290" 0.210526315789474 0.333333333333333 0.409090909090909 0.545454545454545 0.409090909090909 0.266666666666667 0.111111111111111 0.545454545454545 4
"12.70" 0.40625 0.4 0.470588235294118 0.486486486486487 0.516129032258065 0.5 -1 0.516129032258065 5
"12.97" 0.136363636363636 0.173913043478261 0.347826086956522 0.28 0.434782608695652 0.444444444444444 0 0.444444444444444 6
"122.11" 0.2 0.142857142857143 0.1875 0.214285714285714 0.3 0.555555555555556 -1 0.555555555555556 6
"122.17" 0.263157894736842 0.272727272727273 0.285714285714286 0.291666666666667 0.473684210526316 0.285714285714286 0 0.473684210526316 5
"122.9" 0.185185185185185 0.142857142857143 0.321428571428571 0.222222222222222 0.375 0.363636363636364 0 0.375 5
"123.31" 0.235294117647059 0.230769230769231 0.228571428571429 0.205882352941176 0.25 0.133333333333333 0 0.25 5
"124.2" 0.225806451612903 0.2 0.0967741935483871 0.12 0.222222222222222 0 0 0.225806451612903 1
"127.11" 0.166666666666667 0.192307692307692 0.28 0.391304347826087 0.4 0.4 -1 0.4 5
"127.13" 0.125 0.2 0.25 0.222222222222222 0.375 0 -1 0.375 5
"133.7" 0 0.0833333333333333 0 0 0 -1 -1 0.0833333333333333 2
"138.1" 0.0625 0.0769230769230769 0 0 0 -1 -1 0.0769230769230769 2
"139.15" 0.0555555555555556 0.0555555555555556 0.117647058823529 0.105263157894737 0.176470588235294 0.133333333333333 0 0.176470588235294 5
"139.35" 0.421052631578947 0.405405405405405 0.486486486486487 0.405405405405405 0.441176470588235 0.444444444444444 0 0.486486486486487 3
"148.2" 0.0476190476190476 0.153846153846154 0.125 0 0 1 -1 1 6
"15.21" 0.0555555555555556 0.0588235294117647 0.222222222222222 0.25 0.19047619047619 0 0 0.25 4
"15.49" 0.375 0.485714285714286 0.459459459459459 0.473684210526316 0.454545454545455 0.5 0 0.5 6
"15.53" 0.375 0.424242424242424 0.40625 0.363636363636364 0.433333333333333 0 0 0.433333333333333 5
"15.79" 0.5 0.418604651162791 0.513513513513513 0.526315789473684 0.58974358974359 0.575757575757576 0.5 0.58974358974359 5
"151.15" 0.28 0.321428571428571 0.3 0.366666666666667 0.354838709677419 0.380952380952381 0 0.380952380952381 6
"152.4" 0.125 0.16 0.136363636363636 0.142857142857143 0.318181818181818 0.133333333333333 0 0.318181818181818 5
"156.10" 0 0 0 0 0 0 0 0 1
"157.3" 0 0 0 0 0 0.5 0 0.5 6
"16.122" 0.318181818181818 0.25 0.25 0.296296296296296 0.217391304347826 0.333333333333333 0 0.333333333333333 6
"16.193" 0 0 0 0.111111111111111 0.0909090909090909 0 0 0.111111111111111 4
"16.66" 0.35 0.390243902439024 0.307692307692308 0.324324324324324 0.368421052631579 0.2 0 0.390243902439024 2
"16.75" 0.452380952380952 0.477272727272727 0.422222222222222 0.461538461538462 0.472222222222222 0.25 -1 0.477272727272727 2
"161.7" 0.3 0.263157894736842 0.25 0.35 0.380952380952381 0.352941176470588 0.142857142857143 0.380952380952381 5
"162.3" 0.2 0.238095238095238 0.217391304347826 0.25 0.222222222222222 0.2 0 0.25 4
"163.5" 0.378378378378378 0.375 0.472222222222222 0.5 0.514285714285714 0.454545454545455 0 0.514285714285714 5
"165.6" 0 0 0 0 0 -1 -1 0 1
"173.8" 0.521739130434783 0.434782608695652 0.423076923076923 0.538461538461538 0.5 0.384615384615385 0.4 0.538461538461538 4
"174.3" 0.133333333333333 0.230769230769231 0.25 0.6 0.533333333333333 0.3 0 0.6 4
"177.4" 0 0 0 0 0 0 0 0 1
"18.10" 0 0 0 0 0 0 0 0 1
"191.2" 0.08 0.0769230769230769 0.263157894736842 0.35 0.181818181818182 0.428571428571429 0 0.428571428571429 6
"196.35" 0.484848484848485 0.617647058823529 0.558823529411765 0.59375 0.645161290322581 0.419354838709677 0.166666666666667 0.645161290322581 5
"2.11" 0.16 0.206896551724138 0.172413793103448 0.259259259259259 0.285714285714286 0.5 -1 0.5 6
"2.142" 0.321428571428571 0.379310344827586 0.444444444444444 0.451612903225806 0.56 0 -1 0.56 5
"2.145" 0.3 0.256410256410256 0.307692307692308 0.277777777777778 0.315789473684211 0.333333333333333 0 0.333333333333333 6
"2.265" 0.266666666666667 0.266666666666667 0.40625 0.419354838709677 0.363636363636364 0.333333333333333 -1 0.419354838709677 4
"2.268" 0.307692307692308 0.289473684210526 0.282051282051282 0.342105263157895 0.324324324324324 0.303030303030303 0.230769230769231 0.342105263157895 4
"2.279" 0.2 0.428571428571429 0.3125 0.380952380952381 0.315789473684211 -1 -1 0.428571428571429 2
"2.28" 0.208333333333333 0.285714285714286 0.333333333333333 0.36 0.266666666666667 0.5 -1 0.5 6
"2.291" 0.351351351351351 0.333333333333333 0.371428571428571 0.371428571428571 0.393939393939394 0.393939393939394 0.35 0.393939393939394 5
"2.32" 0.125 0.115384615384615 0.153846153846154 0.148148148148148 0.142857142857143 0.363636363636364 0 0.363636363636364 6
"2.323" 0.142857142857143 0.321428571428571 0.214285714285714 0.275862068965517 0.333333333333333 0 0 0.333333333333333 5
"2.604" 0.307692307692308 0.242424242424242 0.303030303030303 0.424242424242424 0.387096774193548 0.285714285714286 0 0.424242424242424 4
"2.614" 0.256410256410256 0.214285714285714 0.225 0.219512195121951 0.256410256410256 0.181818181818182 0 0.256410256410256 1
"2.633" 0 0 0 0.333333333333333 0 0 0 0.333333333333333 4
"20.2" 0 0.153846153846154 0.133333333333333 0.157894736842105 0.333333333333333 0 -1 0.333333333333333 5
"200.4" 0.111111111111111 0.166666666666667 0.1875 0.176470588235294 0.294117647058824 0.272727272727273 0 0.294117647058824 5
"203.2" 0.151515151515152 0.25 0.366666666666667 0.4 0.344827586206897 0.333333333333333 0.166666666666667 0.4 4
"206.3" 0.391304347826087 0.36 0.37037037037037 0.269230769230769 0.296296296296296 0.304347826086957 0.25 0.391304347826087 1
"208.3" 0.36 0.44 0.444444444444444 0.4 0.521739130434783 0.4375 0 0.521739130434783 5
"21.47" 0.178571428571429 0.241379310344828 0.285714285714286 0.379310344827586 0.379310344827586 0.25 0 0.379310344827586 4
"212.10" 0.314285714285714 0.314285714285714 0.285714285714286 0.297297297297297 0.4375 0.611111111111111 -1 0.611111111111111 6
"212.49" 0.392857142857143 0.413793103448276 0.387096774193548 0.375 0.448275862068966 0.44 0.333333333333333 0.448275862068966 5
"22.22" 0 0 0 0 0 0 0 0 1
"22.4" 0 0 0 0 0 0 0 0 1
"223.2" 0.439024390243902 0.380952380952381 0.45 0.487179487179487 0.542857142857143 0.583333333333333 -1 0.583333333333333 6
"230.1" 0.206896551724138 0.15625 0.176470588235294 0.235294117647059 0.303030303030303 0.5 0 0.5 6
"234.13" 0.291666666666667 0.291666666666667 0.291666666666667 0.32 0.434782608695652 0.454545454545455 0 0.454545454545455 6
"234.18" 0.34375 0.32258064516129 0.375 0.323529411764706 0.44 0.545454545454545 -1 0.545454545454545 6
"24.8" 0 0.5 0 0 0 0 0 0.5 2
"24.9" 0 0 0 0 0 0 0 0 1
"247.3" 0.408163265306122 0.428571428571429 0.446808510638298 0.468085106382979 0.48780487804878 0.583333333333333 -1 0.583333333333333 6
"25.24" 0.153846153846154 0.2 0.214285714285714 0.206896551724138 0.214285714285714 0.238095238095238 0 0.238095238095238 6
"26.20" 0 0 0 -1 -1 -1 -1 0 1
"26.26" 0.136363636363636 0.107142857142857 0.142857142857143 0.148148148148148 0.111111111111111 0.0666666666666667 -1 0.148148148148148 4
"26.29" 0 -1 -1 -1 -1 -1 -1 0 1
"27.24" 0 0 0 -1 -1 -1 -1 0 1
"28.7" 0.142857142857143 0 0 0 0 0 0 0.142857142857143 1
"3.22" 0 0 0 0 -1 -1 -1 0 1
"311.460" 0.419354838709677 0.419354838709677 0.40625 0.4375 0.466666666666667 0.6 -1 0.6 6
"311.6" 0.34375 0.333333333333333 0.454545454545455 0.53125 0.483870967741935 0.5 -1 0.53125 4
"313.10" 0.0833333333333333 0.315789473684211 0.4 0.391304347826087 0.538461538461538 0 -1 0.538461538461538 5
"42.2" 0 0 0 0 0 0 0 0 1
"48.1" 0 0 0 0 0 0 0 0 1
"48.5" 0.0833333333333333 0.153846153846154 0.214285714285714 0.310344827586207 0.285714285714286 0.272727272727273 0.230769230769231 0.310344827586207 4
"50.1" 0.432432432432432 0.425 0.378378378378378 0.485714285714286 0.5 0.516129032258065 0.214285714285714 0.516129032258065 6
"50.13" 0.416666666666667 0.538461538461538 0.576923076923077 0.555555555555556 0.576923076923077 0.736842105263158 0.25 0.736842105263158 6
"55.5" 0 0 0 -1 -1 -1 -1 0 1
"6.10" 0 0.05 0.263157894736842 0.368421052631579 0.4 -1 -1 0.4 5
"62.10" 0.0714285714285714 0.0625 0.0588235294117647 0.05 0.0952380952380952 0.0666666666666667 0 0.0952380952380952 5
"62.5" 0.0476190476190476 0.0909090909090909 0.125 0.217391304347826 0.25 0.230769230769231 0 0.25 5
"72.5" 0.266666666666667 0.25 0.333333333333333 0.303030303030303 0.424242424242424 0.4375 0.318181818181818 0.4375 6
"73.27" 0.444444444444444 0.357142857142857 0.321428571428571 0.37037037037037 0.384615384615385 0.454545454545455 0 0.454545454545455 6
"75.23" 0.425 0.405405405405405 0.513513513513513 0.583333333333333 0.666666666666667 0.444444444444444 0.285714285714286 0.666666666666667 5
"76.5" 0 0 0 0 0 0.0666666666666667 0.166666666666667 0.166666666666667 7
"77.3" 0 0 0 0 0.1 0 0 0.1 5
"78.8" 0 0 0 0.0526315789473684 0.0555555555555556 0.117647058823529 0.0666666666666667 0.117647058823529 6
"79.3" 0 0 0 0 0 0 0 0 1
"8.2" 0 0 0 0 0 0 0 0 1
"8.6" 0 0 0 0 0 0 0 0 1
"82.4" 0 0 0 0 0 0 0 0 1
"83.2" 0 0.176470588235294 0.0588235294117647 0.1875 0.176470588235294 0.142857142857143 0 0.1875 4
"84.11" 0 0 0 -1 -1 -1 -1 0 1
"86.12" 0 0 0 0 0 0 -1 0 1
"87.10" 0 0 0 0 0 0 0 0 1
"88.4" 0 0.125 0.16 0.192307692307692 0.2 0.16 0.19047619047619 0.2 5
"91.2" 0 0 0 -1 -1 -1 -1 0 1
"97.1" 0 0 0 0 0 0 0 0 1
"98.4" 0 0 0 0 0.25 0.111111111111111 0 0.25 5
