"X1" "X2" "X3" "X4"
"1" 22.16 1962 1 19710
"2" 22.16 1962 2 18036
"3" 22.16 1962 3 16524
"4" 22.16 1962 4 14850
"5" 22.16 1962 5 13230
"6" 22.16 1962 6 11556
"7" 22.16 1962 7 9936
"8" 22.16 1963 1 19710
"9" 22.16 1963 2 18036
"10" 22.16 1963 3 16524
"11" 22.16 1963 4 14850
"12" 22.16 1963 5 13230
"13" 22.16 1963 6 11556
"14" 22.16 1963 7 9936
"15" 22.16 1964 1 19764
"16" 22.16 1964 2 18090
"17" 22.16 1964 3 16524
"18" 22.16 1964 4 14850
"19" 22.16 1964 5 13230
"20" 22.16 1964 6 11556
"21" 22.16 1964 7 9936
"22" 22.16 1965 1 7451
"23" 22.16 1965 2 7575
"24" 22.16 1965 3 7576
"25" 22.16 1965 4 7565
"26" 22.16 1965 5 7571
"27" 22.16 1965 6 7824
"28" 22.16 1965 7 6041
"29" 22.16 1966 1 7451
"30" 22.16 1966 2 7281
"31" 22.16 1966 3 7328
"32" 22.16 1966 4 7522
"33" 22.16 1966 5 7781
"34" 22.16 1966 6 7839
"35" 22.16 1966 7 9936
"36" 22.16 1967 1 19710
"37" 22.16 1967 2 18036
"38" 22.16 1967 3 16524
"39" 22.16 1967 4 14850
"40" 22.16 1967 5 13230
"41" 22.16 1967 6 11556
"42" 22.16 1967 7 9936
"43" 22.16 1968 1 19764
"44" 22.16 1968 2 18090
"45" 22.16 1968 3 16524
"46" 22.16 1968 4 14850
"47" 22.16 1968 5 13230
"48" 22.16 1968 6 11556
"49" 22.16 1968 7 9936
"50" 22.16 1969 1 19710
"51" 22.16 1969 2 18036
"52" 22.16 1969 3 16524
"53" 22.16 1969 4 14850
"54" 22.16 1969 5 13230
"55" 22.16 1969 6 11556
"56" 22.16 1969 7 9936
"57" 22.16 1970 1 19710
"58" 22.16 1970 2 18036
"59" 22.16 1970 3 16524
"60" 22.16 1970 4 14850
"61" 22.16 1970 5 13230
"62" 22.16 1970 6 11556
"63" 22.16 1970 7 9936
"64" 22.16 1971 1 19710
"65" 22.16 1971 2 18036
"66" 22.16 1971 3 16524
"67" 22.16 1971 4 14850
"68" 22.16 1971 5 13230
"69" 22.16 1971 6 11556
"70" 22.16 1971 7 9936
"71" 22.16 1972 1 19764
"72" 22.16 1972 2 18090
"73" 22.16 1972 3 16524
"74" 22.16 1972 4 14850
"75" 22.16 1972 5 13230
"76" 22.16 1972 6 11556
"77" 22.16 1972 7 9936
"78" 22.16 1973 1 19710
"79" 22.16 1973 2 18036
"80" 22.16 1973 3 16524
"81" 22.16 1973 4 14850
"82" 22.16 1973 5 13230
"83" 22.16 1973 6 11556
"84" 22.16 1973 7 9936
"85" 22.16 1974 1 19710
"86" 22.16 1974 2 18036
"87" 22.16 1974 3 16524
"88" 22.16 1974 4 14850
"89" 22.16 1974 5 13230
"90" 22.16 1974 6 11556
"91" 22.16 1974 7 9936
"92" 22.16 1975 1 19710
"93" 22.16 1975 2 18036
"94" 22.16 1975 3 16524
"95" 22.16 1975 4 14850
"96" 22.16 1975 5 13230
"97" 22.16 1975 6 11556
"98" 22.16 1975 7 9936
"99" 22.16 1976 1 19764
"100" 22.16 1976 2 18090
"101" 22.16 1976 3 16524
"102" 22.16 1976 4 14850
"103" 22.16 1976 5 13230
"104" 22.16 1976 6 11556
"105" 22.16 1976 7 9936
"106" 22.16 1977 1 19710
"107" 22.16 1977 2 18036
"108" 22.16 1977 3 16524
"109" 22.16 1977 4 14850
"110" 22.16 1977 5 13230
"111" 22.16 1977 6 11556
"112" 22.16 1977 7 9936
"113" 22.16 1978 1 19710
"114" 22.16 1978 2 18036
"115" 22.16 1978 3 16524
"116" 22.16 1978 4 14850
"117" 22.16 1978 5 13230
"118" 22.16 1978 6 11556
"119" 22.16 1978 7 9936
"120" 22.16 1979 1 19710
"121" 22.16 1979 2 18036
"122" 22.16 1979 3 16524
"123" 22.16 1979 4 14850
"124" 22.16 1979 5 13230
"125" 22.16 1979 6 11556
"126" 22.16 1979 7 9936
"127" 22.16 1980 1 19764
"128" 22.16 1980 2 18090
"129" 22.16 1980 3 16524
"130" 22.16 1980 4 14850
"131" 22.16 1980 5 13230
"132" 22.16 1980 6 11556
"133" 22.16 1980 7 9936
"134" 22.16 1981 1 19710
"135" 22.16 1981 2 18036
"136" 22.16 1981 3 16524
"137" 22.16 1981 4 14850
"138" 22.16 1981 5 13230
"139" 22.16 1981 6 11556
"140" 22.16 1981 7 9936
"141" 22.16 1982 1 19710
"142" 22.16 1982 2 18036
"143" 22.16 1982 3 16524
"144" 22.16 1982 4 14850
"145" 22.16 1982 5 13230
"146" 22.16 1982 6 11556
"147" 22.16 1982 7 9936
"148" 22.16 1983 1 19710
"149" 22.16 1983 2 18036
"150" 22.16 1983 3 16524
"151" 22.16 1983 4 14850
"152" 22.16 1983 5 13230
"153" 22.16 1983 6 11556
"154" 22.16 1983 7 9936
"155" 22.16 1984 1 19764
"156" 22.16 1984 2 18090
"157" 22.16 1984 3 16524
"158" 22.16 1984 4 14850
"159" 22.16 1984 5 13230
"160" 22.16 1984 6 11556
"161" 22.16 1984 7 9936
"162" 22.16 1985 1 19710
"163" 22.16 1985 2 18036
"164" 22.16 1985 3 16524
"165" 22.16 1985 4 14850
"166" 22.16 1985 5 13230
"167" 22.16 1985 6 11556
"168" 22.16 1985 7 9936
"169" 22.16 1986 1 19710
"170" 22.16 1986 2 18036
"171" 22.16 1986 3 16524
"172" 22.16 1986 4 14850
"173" 22.16 1986 5 13230
"174" 22.16 1986 6 11556
"175" 22.16 1986 7 9936
"176" 22.16 1987 1 19710
"177" 22.16 1987 2 18036
"178" 22.16 1987 3 16524
"179" 22.16 1987 4 14850
"180" 22.16 1987 5 13230
"181" 22.16 1987 6 11556
"182" 22.16 1987 7 9936
"183" 22.16 1988 1 19764
"184" 22.16 1988 2 18090
"185" 22.16 1988 3 16524
"186" 22.16 1988 4 14850
"187" 22.16 1988 5 13230
"188" 22.16 1988 6 11556
"189" 22.16 1988 7 9936
"190" 22.16 1989 1 19710
"191" 22.16 1989 2 18036
"192" 22.16 1989 3 16524
"193" 22.16 1989 4 14850
"194" 22.16 1989 5 13230
"195" 22.16 1989 6 11556
"196" 22.16 1989 7 9936
"197" 22.16 1990 1 19710
"198" 22.16 1990 2 18036
"199" 22.16 1990 3 16524
"200" 22.16 1990 4 14850
"201" 22.16 1990 5 13230
"202" 22.16 1990 6 11556
"203" 22.16 1990 7 9936
"204" 22.16 1991 1 19710
"205" 22.16 1991 2 18036
"206" 22.16 1991 3 16524
"207" 22.16 1991 4 14850
"208" 22.16 1991 5 13230
"209" 22.16 1991 6 11556
"210" 22.16 1991 7 9936
"211" 22.16 1992 1 19764
"212" 22.16 1992 2 18090
"213" 22.16 1992 3 16524
"214" 22.16 1992 4 14850
"215" 22.16 1992 5 13230
"216" 22.16 1992 6 11556
"217" 22.16 1992 7 9936
"218" 22.16 1993 1 19710
"219" 22.16 1993 2 18036
"220" 22.16 1993 3 16524
"221" 22.16 1993 4 14850
"222" 22.16 1993 5 13230
"223" 22.16 1993 6 11556
"224" 22.16 1993 7 9936
"225" 22.16 1994 1 19710
"226" 22.16 1994 2 18036
"227" 22.16 1994 3 16524
"228" 22.16 1994 4 14850
"229" 22.16 1994 5 13230
"230" 22.16 1994 6 11556
"231" 22.16 1994 7 9936
"232" 22.16 1995 1 19710
"233" 22.16 1995 2 18036
"234" 22.16 1995 3 16524
"235" 22.16 1995 4 14850
"236" 22.16 1995 5 13230
"237" 22.16 1995 6 11556
"238" 22.16 1995 7 9936
"239" 22.16 1996 1 19764
"240" 22.16 1996 2 18090
"241" 22.16 1996 3 16524
"242" 22.16 1996 4 14850
"243" 22.16 1996 5 13230
"244" 22.16 1996 6 11556
"245" 22.16 1996 7 9936
"246" 22.16 1997 1 19710
"247" 22.16 1997 2 18036
"248" 22.16 1997 3 16524
"249" 22.16 1997 4 14850
"250" 22.16 1997 5 13230
"251" 22.16 1997 6 11556
"252" 22.16 1997 7 9936
"253" 22.16 1998 1 19710
"254" 22.16 1998 2 18036
"255" 22.16 1998 3 16524
"256" 22.16 1998 4 14850
"257" 22.16 1998 5 13230
"258" 22.16 1998 6 11556
"259" 22.16 1998 7 9936
"260" 22.16 1999 1 19710
"261" 22.16 1999 2 18036
"262" 22.16 1999 3 16524
"263" 22.16 1999 4 14850
"264" 22.16 1999 5 13230
"265" 22.16 1999 6 11556
"266" 22.16 1999 7 9936
"267" 22.16 2000 1 19764
"268" 22.16 2000 2 18090
"269" 22.16 2000 3 16524
"270" 22.16 2000 4 14850
"271" 22.16 2000 5 13230
"272" 22.16 2000 6 11556
"273" 22.16 2000 7 9936
"274" 22.16 2001 1 19710
"275" 22.16 2001 2 18036
"276" 22.16 2001 3 16524
"277" 22.16 2001 4 14850
"278" 22.16 2001 5 13230
"279" 22.16 2001 6 11556
"280" 22.16 2001 7 9936
"281" 22.16 2002 1 19710
"282" 22.16 2002 2 18036
"283" 22.16 2002 3 16524
"284" 22.16 2002 4 14850
"285" 22.16 2002 5 13230
"286" 22.16 2002 6 11556
"287" 22.16 2002 7 9936
"288" 22.16 2003 1 19710
"289" 22.16 2003 2 18036
"290" 22.16 2003 3 16524
"291" 22.16 2003 4 14850
"292" 22.16 2003 5 13230
"293" 22.16 2003 6 11556
"294" 22.16 2003 7 9936
"295" 22.16 2004 1 19764
"296" 22.16 2004 2 18090
"297" 22.16 2004 3 16524
"298" 22.16 2004 4 14850
"299" 22.16 2004 5 13230
"300" 22.16 2004 6 11556
"301" 22.16 2004 7 9936
"302" 22.16 2005 1 19710
"303" 22.16 2005 2 18036
"304" 22.16 2005 3 16524
"305" 22.16 2005 4 14850
"306" 22.16 2005 5 13230
"307" 22.16 2005 6 11556
"308" 22.16 2005 7 9936
"309" 22.16 2006 1 19710
"310" 22.16 2006 2 18036
"311" 22.16 2006 3 16524
"312" 22.16 2006 4 14850
"313" 22.16 2006 5 13230
"314" 22.16 2006 6 11556
"315" 22.16 2006 7 9936
"316" 22.16 2007 1 19710
"317" 22.16 2007 2 18036
"318" 22.16 2007 3 16524
"319" 22.16 2007 4 14850
"320" 22.16 2007 5 13230
"321" 22.16 2007 6 11556
"322" 22.16 2007 7 9936
"323" 22.16 2008 1 19764
"324" 22.16 2008 2 18090
"325" 22.16 2008 3 16524
"326" 22.16 2008 4 14850
"327" 22.16 2008 5 13230
"328" 22.16 2008 6 11556
"329" 22.16 2008 7 9936
"330" 22.16 2009 1 19710
"331" 22.16 2009 2 18036
"332" 22.16 2009 3 16524
"333" 22.16 2009 4 14850
"334" 22.16 2009 5 13230
"335" 22.16 2009 6 11556
"336" 22.16 2009 7 9936
"337" 22.16 2010 1 19710
"338" 22.16 2010 2 18036
"339" 22.16 2010 3 16524
"340" 22.16 2010 4 14850
"341" 22.16 2010 5 13230
"342" 22.16 2010 6 11556
"343" 22.16 2010 7 9936
"344" 22.16 2011 1 19710
"345" 22.16 2011 2 18036
"346" 22.16 2011 3 16524
"347" 22.16 2011 4 14850
"348" 22.16 2011 5 13230
"349" 22.16 2011 6 11556
"350" 22.16 2011 7 9936
"351" 22.16 2012 1 19764
"352" 22.16 2012 2 18090
"353" 22.16 2012 3 16524
"354" 22.16 2012 4 14850
"355" 22.16 2012 5 13230
"356" 22.16 2012 6 11556
"357" 22.16 2012 7 9936
"358" 22.16 2013 1 19710
"359" 22.16 2013 2 18036
"360" 22.16 2013 3 16524
"361" 22.16 2013 4 14850
"362" 22.16 2013 5 13230
"363" 22.16 2013 6 11556
"364" 22.16 2013 7 9936
"365" 22.16 2014 1 19710
"366" 22.16 2014 2 18036
"367" 22.16 2014 3 16524
"368" 22.16 2014 4 14850
"369" 22.16 2014 5 13230
"370" 22.16 2014 6 11556
"371" 22.16 2014 7 9936
"372" 22.16 2015 1 19710
"373" 22.16 2015 2 18036
"374" 22.16 2015 3 16524
"375" 22.16 2015 4 14850
"376" 22.16 2015 5 13230
"377" 22.16 2015 6 11556
"378" 22.16 2015 7 9936
"379" 41.1 1967 1 19710
"380" 41.1 1967 2 18036
"381" 41.1 1967 3 16524
"382" 41.1 1967 4 14850
"383" 41.1 1967 5 13230
"384" 41.1 1967 6 11556
"385" 41.1 1967 7 9936
"386" 41.1 1975 1 19710
"387" 41.1 1975 2 18036
"388" 41.1 1975 3 16524
"389" 41.1 1975 4 14850
"390" 41.1 1975 5 13230
"391" 41.1 1975 6 11556
"392" 41.1 1975 7 9936
"393" 41.1 1976 1 19764
"394" 41.1 1976 2 18090
"395" 41.1 1976 3 16524
"396" 41.1 1976 4 14850
"397" 41.1 1976 5 13230
"398" 41.1 1976 6 11556
"399" 41.1 1976 7 9936
"400" 41.1 1978 1 19710
"401" 41.1 1978 2 18036
"402" 41.1 1978 3 16524
"403" 41.1 1978 4 14850
"404" 41.1 1978 5 13230
"405" 41.1 1978 6 11556
"406" 41.1 1978 7 9936
"407" 41.1 1982 1 19710
"408" 41.1 1982 2 18036
"409" 41.1 1982 3 16524
"410" 41.1 1982 4 14850
"411" 41.1 1982 5 13230
"412" 41.1 1982 6 11556
"413" 41.1 1982 7 9936
"414" 41.1 1987 1 19710
"415" 41.1 1987 2 18036
"416" 41.1 1987 3 16524
"417" 41.1 1987 4 14850
"418" 41.1 1987 5 13230
"419" 41.1 1987 6 11556
"420" 41.1 1987 7 9936
"421" 41.1 1991 1 19710
"422" 41.1 1991 2 18036
"423" 41.1 1991 3 16524
"424" 41.1 1991 4 14850
"425" 41.1 1991 5 13230
"426" 41.1 1991 6 11556
"427" 41.1 1991 7 9936
"428" 41.1 1992 1 19764
"429" 41.1 1992 2 18090
"430" 41.1 1992 3 16524
"431" 41.1 1992 4 14850
"432" 41.1 1992 5 13230
"433" 41.1 1992 6 11556
"434" 41.1 1992 7 9936
"435" 41.1 1994 1 19710
"436" 41.1 1994 2 18036
"437" 41.1 1994 3 16524
"438" 41.1 1994 4 14850
"439" 41.1 1994 5 13230
"440" 41.1 1994 6 11556
"441" 41.1 1994 7 9936
"442" 41.1 1995 1 19710
"443" 41.1 1995 2 18036
"444" 41.1 1995 3 16524
"445" 41.1 1995 4 14850
"446" 41.1 1995 5 13230
"447" 41.1 1995 6 11556
"448" 41.1 1995 7 9936
"449" 41.1 1997 1 19710
"450" 41.1 1997 2 18036
"451" 41.1 1997 3 16524
"452" 41.1 1997 4 14850
"453" 41.1 1997 5 13230
"454" 41.1 1997 6 11556
"455" 41.1 1997 7 9936
"456" 41.1 2004 1 19764
"457" 41.1 2004 2 18090
"458" 41.1 2004 3 16524
"459" 41.1 2004 4 14850
"460" 41.1 2004 5 13230
"461" 41.1 2004 6 11556
"462" 41.1 2004 7 9936
"463" 41.1 2006 1 19710
"464" 41.1 2006 2 18036
"465" 41.1 2006 3 16524
"466" 41.1 2006 4 14850
"467" 41.1 2006 5 13230
"468" 41.1 2006 6 11556
"469" 41.1 2006 7 9936
"470" 41.1 2010 1 19710
"471" 41.1 2010 2 18036
"472" 41.1 2010 3 16524
"473" 41.1 2010 4 14850
"474" 41.1 2010 5 13230
"475" 41.1 2010 6 11556
"476" 41.1 2010 7 9936
"477" 41.1 2011 1 19710
"478" 41.1 2011 2 18036
"479" 41.1 2011 3 16524
"480" 41.1 2011 4 14850
"481" 41.1 2011 5 13230
"482" 41.1 2011 6 11556
"483" 41.1 2011 7 9936
"484" 41.1 2012 1 19764
"485" 41.1 2012 2 18090
"486" 41.1 2012 3 16524
"487" 41.1 2012 4 14850
"488" 41.1 2012 5 13230
"489" 41.1 2012 6 11556
"490" 41.1 2012 7 9936
"491" 41.1 2013 1 19710
"492" 41.1 2013 2 18036
"493" 41.1 2013 3 16524
"494" 41.1 2013 4 14850
"495" 41.1 2013 5 13230
"496" 41.1 2013 6 11556
"497" 41.1 2013 7 9936
"498" 41.1 2014 1 19710
"499" 41.1 2014 2 18036
"500" 41.1 2014 3 16524
"501" 41.1 2014 4 14850
"502" 41.1 2014 5 13230
"503" 41.1 2014 6 11556
"504" 41.1 2014 7 9936
"505" 55.5 2010 1 19710
"506" 55.5 2010 2 18036
"507" 55.5 2010 3 16524
"508" 55.5 2010 4 14850
"509" 55.5 2010 5 13230
"510" 55.5 2010 6 11556
"511" 55.5 2010 7 9936
"512" 55.5 2012 1 19764
"513" 55.5 2012 2 18090
"514" 55.5 2012 3 16524
"515" 55.5 2012 4 14850
"516" 55.5 2012 5 13230
"517" 55.5 2012 6 11556
"518" 55.5 2012 7 9936
