22.16
1962
1
19710
22.16
1962
2
18036
22.16
1962
3
16524
22.16
1962
4
14850
22.16
1962
5
13230
22.16
1962
6
11556
22.16
1962
7
9936
22.16
1963
1
19710
22.16
1963
2
18036
22.16
1963
3
16524
22.16
1963
4
14850
22.16
1963
5
13230
22.16
1963
6
11556
22.16
1963
7
9936
22.16
1964
1
19764
22.16
1964
2
18090
22.16
1964
3
16524
22.16
1964
4
14850
22.16
1964
5
13230
22.16
1964
6
11556
22.16
1964
7
9936
22.16
1965
1
7451
22.16
1965
2
7575
22.16
1965
3
7576
22.16
1965
4
7565
22.16
1965
5
7571
22.16
1965
6
7824
22.16
1965
7
6041
22.16
1966
1
7451
22.16
1966
2
7281
22.16
1966
3
7328
22.16
1966
4
7522
22.16
1966
5
7781
22.16
1966
6
7839
22.16
1966
7
9936
22.16
1967
1
19710
22.16
1967
2
18036
22.16
1967
3
16524
22.16
1967
4
14850
22.16
1967
5
13230
22.16
1967
6
11556
22.16
1967
7
9936
22.16
1968
1
19764
22.16
1968
2
18090
22.16
1968
3
16524
22.16
1968
4
14850
22.16
1968
5
13230
22.16
1968
6
11556
22.16
1968
7
9936
22.16
1969
1
19710
22.16
1969
2
18036
22.16
1969
3
16524
22.16
1969
4
14850
22.16
1969
5
13230
22.16
1969
6
11556
22.16
1969
7
9936
22.16
1970
1
19710
22.16
1970
2
18036
22.16
1970
3
16524
22.16
1970
4
14850
22.16
1970
5
13230
22.16
1970
6
11556
22.16
1970
7
9936
22.16
1971
1
19710
22.16
1971
2
18036
22.16
1971
3
16524
22.16
1971
4
14850
22.16
1971
5
13230
22.16
1971
6
11556
22.16
1971
7
9936
22.16
1972
1
19764
22.16
1972
2
18090
22.16
1972
3
16524
22.16
1972
4
14850
22.16
1972
5
13230
22.16
1972
6
11556
22.16
1972
7
9936
22.16
1973
1
19710
22.16
1973
2
18036
22.16
1973
3
16524
22.16
1973
4
14850
22.16
1973
5
13230
22.16
1973
6
11556
22.16
1973
7
9936
22.16
1974
1
19710
22.16
1974
2
18036
22.16
1974
3
16524
22.16
1974
4
14850
22.16
1974
5
13230
22.16
1974
6
11556
22.16
1974
7
9936
22.16
1975
1
19710
22.16
1975
2
18036
22.16
1975
3
16524
22.16
1975
4
14850
22.16
1975
5
13230
22.16
1975
6
11556
22.16
1975
7
9936
22.16
1976
1
19764
22.16
1976
2
18090
22.16
1976
3
16524
22.16
1976
4
14850
22.16
1976
5
13230
22.16
1976
6
11556
22.16
1976
7
9936
22.16
1977
1
19710
22.16
1977
2
18036
22.16
1977
3
16524
22.16
1977
4
14850
22.16
1977
5
13230
22.16
1977
6
11556
22.16
1977
7
9936
22.16
1978
1
19710
22.16
1978
2
18036
22.16
1978
3
16524
22.16
1978
4
14850
22.16
1978
5
13230
22.16
1978
6
11556
22.16
1978
7
9936
22.16
1979
1
19710
22.16
1979
2
18036
22.16
1979
3
16524
22.16
1979
4
14850
22.16
1979
5
13230
22.16
1979
6
11556
22.16
1979
7
9936
22.16
1980
1
19764
22.16
1980
2
18090
22.16
1980
3
16524
22.16
1980
4
14850
22.16
1980
5
13230
22.16
1980
6
11556
22.16
1980
7
9936
22.16
1981
1
19710
22.16
1981
2
18036
22.16
1981
3
16524
22.16
1981
4
14850
22.16
1981
5
13230
22.16
1981
6
11556
22.16
1981
7
9936
22.16
1982
1
19710
22.16
1982
2
18036
22.16
1982
3
16524
22.16
1982
4
14850
22.16
1982
5
13230
22.16
1982
6
11556
22.16
1982
7
9936
22.16
1983
1
19710
22.16
1983
2
18036
22.16
1983
3
16524
22.16
1983
4
14850
22.16
1983
5
13230
22.16
1983
6
11556
22.16
1983
7
9936
22.16
1984
1
19764
22.16
1984
2
18090
22.16
1984
3
16524
22.16
1984
4
14850
22.16
1984
5
13230
22.16
1984
6
11556
22.16
1984
7
9936
22.16
1985
1
19710
22.16
1985
2
18036
22.16
1985
3
16524
22.16
1985
4
14850
22.16
1985
5
13230
22.16
1985
6
11556
22.16
1985
7
9936
22.16
1986
1
19710
22.16
1986
2
18036
22.16
1986
3
16524
22.16
1986
4
14850
22.16
1986
5
13230
22.16
1986
6
11556
22.16
1986
7
9936
22.16
1987
1
19710
22.16
1987
2
18036
22.16
1987
3
16524
22.16
1987
4
14850
22.16
1987
5
13230
22.16
1987
6
11556
22.16
1987
7
9936
22.16
1988
1
19764
22.16
1988
2
18090
22.16
1988
3
16524
22.16
1988
4
14850
22.16
1988
5
13230
22.16
1988
6
11556
22.16
1988
7
9936
22.16
1989
1
19710
22.16
1989
2
18036
22.16
1989
3
16524
22.16
1989
4
14850
22.16
1989
5
13230
22.16
1989
6
11556
22.16
1989
7
9936
22.16
1990
1
19710
22.16
1990
2
18036
22.16
1990
3
16524
22.16
1990
4
14850
22.16
1990
5
13230
22.16
1990
6
11556
22.16
1990
7
9936
22.16
1991
1
19710
22.16
1991
2
18036
22.16
1991
3
16524
22.16
1991
4
14850
22.16
1991
5
13230
22.16
1991
6
11556
22.16
1991
7
9936
22.16
1992
1
19764
22.16
1992
2
18090
22.16
1992
3
16524
22.16
1992
4
14850
22.16
1992
5
13230
22.16
1992
6
11556
22.16
1992
7
9936
22.16
1993
1
19710
22.16
1993
2
18036
22.16
1993
3
16524
22.16
1993
4
14850
22.16
1993
5
13230
22.16
1993
6
11556
22.16
1993
7
9936
22.16
1994
1
19710
22.16
1994
2
18036
22.16
1994
3
16524
22.16
1994
4
14850
22.16
1994
5
13230
22.16
1994
6
11556
22.16
1994
7
9936
22.16
1995
1
19710
22.16
1995
2
18036
22.16
1995
3
16524
22.16
1995
4
14850
22.16
1995
5
13230
22.16
1995
6
11556
22.16
1995
7
9936
22.16
1996
1
19764
22.16
1996
2
18090
22.16
1996
3
16524
22.16
1996
4
14850
22.16
1996
5
13230
22.16
1996
6
11556
22.16
1996
7
9936
22.16
1997
1
19710
22.16
1997
2
18036
22.16
1997
3
16524
22.16
1997
4
14850
22.16
1997
5
13230
22.16
1997
6
11556
22.16
1997
7
9936
22.16
1998
1
19710
22.16
1998
2
18036
22.16
1998
3
16524
22.16
1998
4
14850
22.16
1998
5
13230
22.16
1998
6
11556
22.16
1998
7
9936
22.16
1999
1
19710
22.16
1999
2
18036
22.16
1999
3
16524
22.16
1999
4
14850
22.16
1999
5
13230
22.16
1999
6
11556
22.16
1999
7
9936
22.16
2000
1
19764
22.16
2000
2
18090
22.16
2000
3
16524
22.16
2000
4
14850
22.16
2000
5
13230
22.16
2000
6
11556
22.16
2000
7
9936
22.16
2001
1
19710
22.16
2001
2
18036
22.16
2001
3
16524
22.16
2001
4
14850
22.16
2001
5
13230
22.16
2001
6
11556
22.16
2001
7
9936
22.16
2002
1
19710
22.16
2002
2
18036
22.16
2002
3
16524
22.16
2002
4
14850
22.16
2002
5
13230
22.16
2002
6
11556
22.16
2002
7
9936
22.16
2003
1
19710
22.16
2003
2
18036
22.16
2003
3
16524
22.16
2003
4
14850
22.16
2003
5
13230
22.16
2003
6
11556
22.16
2003
7
9936
22.16
2004
1
19764
22.16
2004
2
18090
22.16
2004
3
16524
22.16
2004
4
14850
22.16
2004
5
13230
22.16
2004
6
11556
22.16
2004
7
9936
22.16
2005
1
19710
22.16
2005
2
18036
22.16
2005
3
16524
22.16
2005
4
14850
22.16
2005
5
13230
22.16
2005
6
11556
22.16
2005
7
9936
22.16
2006
1
19710
22.16
2006
2
18036
22.16
2006
3
16524
22.16
2006
4
14850
22.16
2006
5
13230
22.16
2006
6
11556
22.16
2006
7
9936
22.16
2007
1
19710
22.16
2007
2
18036
22.16
2007
3
16524
22.16
2007
4
14850
22.16
2007
5
13230
22.16
2007
6
11556
22.16
2007
7
9936
22.16
2008
1
19764
22.16
2008
2
18090
22.16
2008
3
16524
22.16
2008
4
14850
22.16
2008
5
13230
22.16
2008
6
11556
22.16
2008
7
9936
22.16
2009
1
19710
22.16
2009
2
18036
22.16
2009
3
16524
22.16
2009
4
14850
22.16
2009
5
13230
22.16
2009
6
11556
22.16
2009
7
9936
22.16
2010
1
19710
22.16
2010
2
18036
22.16
2010
3
16524
22.16
2010
4
14850
22.16
2010
5
13230
22.16
2010
6
11556
22.16
2010
7
9936
22.16
2011
1
19710
22.16
2011
2
18036
22.16
2011
3
16524
22.16
2011
4
14850
22.16
2011
5
13230
22.16
2011
6
11556
22.16
2011
7
9936
22.16
2012
1
19764
22.16
2012
2
18090
22.16
2012
3
16524
22.16
2012
4
14850
22.16
2012
5
13230
22.16
2012
6
11556
22.16
2012
7
9936
22.16
2013
1
19710
22.16
2013
2
18036
22.16
2013
3
16524
22.16
2013
4
14850
22.16
2013
5
13230
22.16
2013
6
11556
22.16
2013
7
9936
22.16
2014
1
19710
22.16
2014
2
18036
22.16
2014
3
16524
22.16
2014
4
14850
22.16
2014
5
13230
22.16
2014
6
11556
22.16
2014
7
9936
22.16
2015
1
19710
22.16
2015
2
18036
22.16
2015
3
16524
22.16
2015
4
14850
22.16
2015
5
13230
22.16
2015
6
11556
22.16
2015
7
9936
41.1
1967
1
19710
41.1
1967
2
18036
41.1
1967
3
16524
41.1
1967
4
14850
41.1
1967
5
13230
41.1
1967
6
11556
41.1
1967
7
9936
41.1
1975
1
19710
41.1
1975
2
18036
41.1
1975
3
16524
41.1
1975
4
14850
41.1
1975
5
13230
41.1
1975
6
11556
41.1
1975
7
9936
41.1
1976
1
19764
41.1
1976
2
18090
41.1
1976
3
16524
41.1
1976
4
14850
41.1
1976
5
13230
41.1
1976
6
11556
41.1
1976
7
9936
41.1
1978
1
19710
41.1
1978
2
18036
41.1
1978
3
16524
41.1
1978
4
14850
41.1
1978
5
13230
41.1
1978
6
11556
41.1
1978
7
9936
41.1
1982
1
19710
41.1
1982
2
18036
41.1
1982
3
16524
41.1
1982
4
14850
41.1
1982
5
13230
41.1
1982
6
11556
41.1
1982
7
9936
41.1
1987
1
19710
41.1
1987
2
18036
41.1
1987
3
16524
41.1
1987
4
14850
41.1
1987
5
13230
41.1
1987
6
11556
41.1
1987
7
9936
41.1
1991
1
19710
41.1
1991
2
18036
41.1
1991
3
16524
41.1
1991
4
14850
41.1
1991
5
13230
41.1
1991
6
11556
41.1
1991
7
9936
41.1
1992
1
19764
41.1
1992
2
18090
41.1
1992
3
16524
41.1
1992
4
14850
41.1
1992
5
13230
41.1
1992
6
11556
41.1
1992
7
9936
41.1
1994
1
19710
41.1
1994
2
18036
41.1
1994
3
16524
41.1
1994
4
14850
41.1
1994
5
13230
41.1
1994
6
11556
41.1
1994
7
9936
41.1
1995
1
19710
41.1
1995
2
18036
41.1
1995
3
16524
41.1
1995
4
14850
41.1
1995
5
13230
41.1
1995
6
11556
41.1
1995
7
9936
41.1
1997
1
19710
41.1
1997
2
18036
41.1
1997
3
16524
41.1
1997
4
14850
41.1
1997
5
13230
41.1
1997
6
11556
41.1
1997
7
9936
41.1
2004
1
19764
41.1
2004
2
18090
41.1
2004
3
16524
41.1
2004
4
14850
41.1
2004
5
13230
41.1
2004
6
11556
41.1
2004
7
9936
41.1
2006
1
19710
41.1
2006
2
18036
41.1
2006
3
16524
41.1
2006
4
14850
41.1
2006
5
13230
41.1
2006
6
11556
41.1
2006
7
9936
41.1
2010
1
19710
41.1
2010
2
18036
41.1
2010
3
16524
41.1
2010
4
14850
41.1
2010
5
13230
41.1
2010
6
11556
41.1
2010
7
9936
41.1
2011
1
19710
41.1
2011
2
18036
41.1
2011
3
16524
41.1
2011
4
14850
41.1
2011
5
13230
41.1
2011
6
11556
41.1
2011
7
9936
41.1
2012
1
19764
41.1
2012
2
18090
41.1
2012
3
16524
41.1
2012
4
14850
41.1
2012
5
13230
41.1
2012
6
11556
41.1
2012
7
9936
41.1
2013
1
19710
41.1
2013
2
18036
41.1
2013
3
16524
41.1
2013
4
14850
41.1
2013
5
13230
41.1
2013
6
11556
41.1
2013
7
9936
41.1
2014
1
19710
41.1
2014
2
18036
41.1
2014
3
16524
41.1
2014
4
14850
41.1
2014
5
13230
41.1
2014
6
11556
41.1
2014
7
9936
55.5
2010
1
19710
55.5
2010
2
18036
55.5
2010
3
16524
55.5
2010
4
14850
55.5
2010
5
13230
55.5
2010
6
11556
55.5
2010
7
9936
55.5
2012
1
19764
55.5
2012
2
18090
55.5
2012
3
16524
55.5
2012
4
14850
55.5
2012
5
13230
55.5
2012
6
11556
55.5
2012
7
9936
