Stasjonsnr;jan;corr-feb;corr-mars;april;mai;juni;Juli;SWE-april;april-volum;mai-volum;juni-volum;Juli-volum;Regime_sjekk;Numerisk;q-transform nr;Når er flomtopp
103.1;0.347960076;;;0.505255458;0.549863971;0.712297685;0.647677170;528.23;0.75429749;0.76337917;0.75599463;0.779210103;H1L1;1;1;Juni
103.40;0.381389266;;;0.460396650;0.497239845;0.601936714;0.697393563;540.71;0.81536227;0.83181218;0.83660715;0.836508172;H1L1;1;2;Juni
109.29;0.229292612;;;0.308810751;0.336915881;0.490096892;0.526484406;199.30;0.79079402;0.79408958;0.74732989;0.702030793;H1L1;1;6;Juni
109.9;-0.030278647;;;-0.027534631;0.087410221;0.351940388;0.574332789;160.64;0.71978164;0.72952498;0.73248123;0.620848338;H1L1;1;7;Juni
112.8;-0.010061439;;;0.058467736;0.249961196;0.312029651;0.322100902;334.84;0.74022018;0.83809126;0.88091509;0.803288940;H1L1;1;8;Juni
151.15;0.221184759;;;0.386378313;0.440316029;0.697576671;0.756117242;617.43;0.88998291;0.89969979;0.90957898;0.851210790;H1L1;1;30;Juni
152.4;-0.253710156;;;0.269754295;0.330599525;0.582331422;0.645299274;422.44;0.60280214;0.65778510;0.76015475;0.739456190;H1L1;1;31;Juni
156.10;0.110249763;;;0.141301008;0.166877425;0.144667089;0.041026304;1847.75;0.32973313;0.26428866;0.30512319;0.161823507;H1L1;1;32;Juli
161.7;0.321206855;;;0.483762834;0.460555451;0.557186534;0.710604442;1104.89;0.75583444;0.77242920;0.81406175;0.804048942;H1L1;1;38;Juni
162.3;0.013157027;;;0.113792048;0.188011329;0.670935752;0.302396435;734.96;0.51813652;0.59034823;0.65401807;0.589506346;H1L1;1;39;Juni
163.5;0.122187790;;;0.268877600;0.268902390;0.369203737;0.315447444;1480.01;0.53147944;0.51128029;0.55827483;0.539251631;H1L1;1;40;Juni
173.8;0.196785882;;;0.304844437;0.274213897;0.289272615;0.712648251;611.85;0.68189415;0.67199224;0.62295742;0.783597041;H1L1;1;42;Juli
174.3;0.240766717;;;0.461163132;0.415415035;0.547438669;0.423170342;557.62;0.59664227;0.56701714;0.68443218;0.669805691;H1L1;1;43;Juni
177.4;-0.091743029;;;0.188352978;0.287862811;0.372253139;-0.001236897;526.92;0.54061813;0.55503222;0.58720117;0.307933314;H1L1;1;44;Juni
191.2;0.076203541;;;0.413564568;0.539338802;0.578705386;0.675737446;462.11;0.71146537;0.71775544;0.81243931;0.847371843;H1L1;1;46;Juni
2.11;0.049324431;;;0.249208942;0.457120601;0.749594282;0.252052199;158.31;0.36990954;0.42242243;0.60673891;0.266574186;H1L1;1;47;Juni
2.268;-0.064492836;;;0.043426562;-0.092629288;0.161250357;0.393153832;618.21;0.50962468;0.47155336;0.49112398;0.545913576;H1L1;1;50;Juni
2.291;0.323783554;;;0.316762045;0.332721240;0.398078649;0.570148420;884.37;0.64800468;0.64587645;0.67302818;0.748243067;H1L1;1;53;Juni
2.32;-0.029653785;;;-0.016546871;0.067947425;0.499196237;0.264069759;199.90;0.43407538;0.44960828;0.59759343;0.436170598;H1L1;1;54;Juni
2.614;-0.015799635;;;0.039480806;0.108374846;0.395994676;0.643039254;232.92;0.73920850;0.73339566;0.70895492;0.683442452;H1L1;1;56;Juni
200.4;-0.100081499;;;0.201346094;0.341805210;0.506028488;0.451913841;271.07;0.41725211;0.52828824;0.64886649;0.596756457;H1L1;1;59;Juni
203.2;0.022486466;;;0.349201745;0.396621485;0.592146050;0.188875613;383.79;0.59036291;0.55791448;0.67664950;0.340562058;H1L1;1;60;Juni
206.3;0.177341403;;;0.361907017;0.353196872;0.394233272;0.753425873;591.03;0.78930627;0.78626520;0.78717017;0.872328224;H1L1;1;61;Juni
208.3;0.221313293;;;0.162045701;0.367722576;0.587888189;0.781905541;284.51;0.32588348;0.41312204;0.75773159;0.796361579;H1L1;1;62;Juni
21.47;-0.279002040;;;-0.026600574;-0.009552595;0.353121278;0.095410134;567.86;0.38322211;0.45999503;0.62280813;0.407120994;H1L1;1;63;Juni
212.10;0.132967287;;;0.045859555;0.333775230;0.765183581;0.499758353;228.37;0.26406790;0.40398810;0.76301658;0.593161084;H1L1;1;64;Juni
212.49;0.084621138;;;0.045047640;0.178717646;0.472732476;0.775954418;359.78;0.46464162;0.41348812;0.64959522;0.831967414;H1L1;1;65;Juni
223.2;0.199741501;;;0.381087816;0.550925587;0.729297447;0.783195982;356.64;0.55122507;0.55587420;0.79943726;0.777140547;H1L1;1;67;Juni
230.1;-0.055097405;;;0.041937389;0.214777252;0.720048157;0.434881303;380.80;0.36843713;0.40344521;0.72478382;0.687488545;H1L1;1;68;Juni
234.13;0.225376066;;;0.344756557;0.508495239;0.880059383;0.495128656;239.35;0.51157708;0.61106496;0.79574413;0.598925937;H1L1;1;69;Juni
25.24;-0.003223343;;;0.080827224;0.147447920;0.506717256;0.495638250;882.02;0.72689765;0.72741791;0.67639739;0.675633779;H1L1;1;74;Juni
48.1;0.077889444;;;0.340770332;0.302636996;0.461931292;0.389430679;949.29;0.73629170;0.73226342;0.79217985;0.752388874;H1L1;1;84;Juni
48.5;0.124187009;;;0.337340544;0.348573941;0.513606716;0.631395447;1369.09;0.77079389;0.75495489;0.78707226;0.799578378;H1L1;1;85;Juni
50.1;0.407745278;;;0.501988020;0.515148648;0.583243657;0.709978229;1004.97;0.80069215;0.80118258;0.77167865;0.834422036;H1L1;1;86;Juni
50.13;0.255579172;;;0.451042002;0.503267422;0.748055399;0.796196016;624.86;0.82637920;0.86517610;0.92734535;0.896539290;H1L1;1;87;Juni
72.5;0.420574708;;;0.409988806;0.406483358;0.465364547;0.550662437;1212.11;0.57943831;0.57752153;0.66684653;0.721097103;H1L1;1;92;Juni
73.27;0.077351799;;;0.092233135;0.039870471;0.395762009;0.452677019;548.16;0.64428074;0.62570479;0.70684888;0.772919567;H1L1;1;93;Juni
75.23;0.204112234;;;0.375605496;0.417090275;0.455072430;0.524033065;1437.08;0.77137980;0.78596704;0.77911419;0.799108814;H1L1;1;94;Juni
76.5;-0.186859342;;;-0.080483374;-0.081447725;-0.048543094;0.129903481;2816.36;0.02604391;0.15522939;0.43871633;0.285702118;H1L1;1;95;Juli
78.8;-0.132320270;;;-0.041700407;-0.005107289;0.026461997;0.241746242;3075.93;0.14706288;0.09262543;0.03153875;0.043364825;H1L1;1;97;Juli
79.3;0.045571177;;;0.247332832;0.321588800;0.610611212;0.610251137;1265.30;0.81903986;0.86505427;0.93764193;0.894158547;H1L1;1;98;Juni
86.12;-0.041337981;;;0.206695473;0.149566182;0.134654466;0.084997452;3166.03;0.28824106;0.30389428;0.23133446;0.150973897;H1L1;1;104;Juli
87.10;0.075682265;;;0.345329809;0.397302927;0.362911701;0.350398822;1433.57;0.66641589;0.66569855;0.58565744;0.539281519;H1L1;1;105;Juli
88.4;-0.004983814;;;0.059878150;0.123766330;0.133650737;0.233820238;1359.52;0.32485337;0.33259420;0.23855058;0.284113026;H1L1;1;106;Juli
98.4;0.045174300;;;0.517969709;0.559041133;0.590189396;0.635251259;837.33;0.78217276;0.81955022;0.83849869;0.802257120;H1L1;1;109;Juni
