Stasjonsnr;Regime;WSZ;WRRatio;Jan;Feb;Mar;Apr;Mai;Jun;Jul;;;
103.1;H1L1;0.9338442;0.04419371;0.347960076;0.405533265;0.431154996;0.505255458;0.549863971;0.712297685;0.647677170;;;
103.40;H1L1;0.9163729;0.07922515;0.381389266;0.397251842;0.433855964;0.460396650;0.497239845;0.601936714;0.697393563;;;
104.23;H1L1;0.7303193;0.26848543;0.094674335;0.005873306;0.074281001;0.247066976;0.445361708;0.356878338;0.270827090;;;
109.29;H1L1;0.9010473;0.05728001;0.229292612;0.244145809;0.263196718;0.308810751;0.336915881;0.490096892;0.526484406;;;
109.9;H1L1;0.9476373;0.02749188;-0.030278647;-0.128242461;-0.059324785;-0.027534631;0.087410221;0.351940388;0.574332789;;;
112.8;H1L1;0.8226820;0.14584712;-0.010061439;-0.012593289;-0.044046977;0.058467736;0.249961196;0.312029651;0.322100902;;;
12.150;H1L1;0.8608940;0.06830751;0.471515413;0.541089540;0.542085195;0.545139575;0.599813334;0.592309234;0.235290632;;;
12.171;H1L1;0.8706003;0.06229442;0.481389715;0.470740286;0.490703016;0.496020532;0.540549532;0.393787431;0.354220475;;;
12.178;H1L1;0.8280971;0.12328851;0.216498503;0.182969985;0.198846882;0.216501961;0.178326309;0.336982332;0.124726589;;;
12.70;H1L1;0.8889911;0.06058363;0.345986145;0.324404648;0.369224493;0.423373525;0.506914879;0.715753697;0.287552207;;;
122.11;H1L1;0.8712133;0.08329557;-0.024256179;-0.114774273;-0.056891411;0.053766469;0.294524384;0.672685372;0.210225445;;;
122.17;H1L1;0.7814049;0.15463195;0.347049928;0.365861260;0.423263720;0.417590512;0.562698010;0.404665928;-0.199993952;;;
122.9;H1L1;0.8270754;0.14389715;-0.051990894;-0.011358938;0.128887378;0.200945520;0.441386679;0.536316927;0.159925589;;;
123.31;H1L1;0.7459515;0.26037265;-0.018487479;0.038089272;0.005118855;0.024024993;0.186885033;0.215774704;-0.125063918;;;
124.2;H1L1;0.7169349;0.34778832;0.069681845;0.173592643;0.106041429;0.195996436;0.527190734;0.391793443;-0.013923459;;;
127.13;H1L1;0.7097829;0.37154570;0.228701197;0.464071823;0.317186954;0.491208028;0.630015961;0.149496072;-0.197056958;;;
139.35;H1L1;0.8212516;0.22776771;0.293339680;0.289345753;0.389037896;0.455036589;0.481038398;0.715924792;0.350331572;;;
15.49;H1L1;0.8832695;0.07136816;0.329444978;0.415099276;0.439408944;0.421026913;0.404231152;0.581045921;0.327067873;;;
15.53;H1L1;0.8871520;0.05057837;0.322863823;0.267168309;0.305083766;0.351668435;0.374303847;0.553162293;0.151315922;;;
151.15;H1L1;0.9161686;0.11216723;0.221184759;0.262411510;0.271656526;0.386378313;0.440316029;0.697576671;0.756117242;;;
156.10;H1L1;0.8850064;0.23466220;0.110249763;0.146407846;0.148625851;0.141301008;0.166877425;0.144667089;0.041026304;;;
161.7;H1L1;0.9142273;0.13238307;0.321206855;0.392724994;0.401346675;0.483762834;0.460555451;0.557186534;0.710604442;;;
163.5;H1L1;0.9393614;0.09019028;0.122187790;0.165937359;0.190830869;0.268877600;0.268902390;0.369203737;0.315447444;;;
173.8;H1L1;0.9724649;0.05133119;0.196785882;0.182295196;0.256819889;0.304844437;0.274213897;0.289272615;0.712648251;;;
174.3;H1L1;0.9132056;0.17057966;0.240766717;0.315986216;0.313303035;0.461163132;0.415415035;0.547438669;0.423170342;;;
177.4;H1L1;0.6889400;0.48435435;-0.091743029;0.024099157;0.129666088;0.188352978;0.287862811;0.372253139;-0.001236897;;;
191.2;H1L1;0.8910345;0.20053225;0.076203541;0.219653780;0.251376671;0.413564568;0.539338802;0.578705386;0.675737446;;;
2.265;H1L1;0.8982886;0.07735039;0.057133172;0.112695761;0.120872709;0.224414942;0.379060746;0.612717139;0.172355299;;;
2.268;H1L1;0.9684802;0.03835058;-0.064492836;-0.072249016;-0.011360912;0.043426562;-0.092629288;0.161250357;0.393153832;;;
2.32;H1L1;0.9400766;0.04379052;-0.029653785;-0.131205077;-0.090934731;-0.016546871;0.067947425;0.499196237;0.264069759;;;
2.614;H1L1;0.9276117;0.05303046;-0.015799635;-0.048586805;0.003941371;0.039480806;0.108374846;0.395994676;0.643039254;;;
203.2;H1L1;0.8502682;0.23612980;0.022486466;0.224707513;0.225742641;0.349201745;0.396621485;0.592146050;0.188875613;;;
206.3;H1L1;0.9674585;0.06410463;0.177341403;0.268305092;0.400982623;0.361907017;0.353196872;0.394233272;0.753425873;;;
208.3;H1L1;0.9676628;0.02887191;0.221313293;0.192467709;0.130160551;0.162045701;0.367722576;0.587888189;0.781905541;;;
21.47;H1L1;0.9147382;0.07754084;-0.279002040;-0.180377952;-0.069531767;-0.026600574;-0.009552595;0.353121278;0.095410134;;;
212.10;H1L1;0.9621456;0.02530431;0.132967287;0.101361595;0.027927685;0.045859555;0.333775230;0.765183581;0.499758353;;;
212.49;H1L1;0.9396679;0.06385251;0.084621138;0.049192825;0.053015344;0.045047640;0.178717646;0.472732476;0.775954418;;;
223.2;H1L1;0.9479438;0.04689104;0.199741501;0.220962973;0.252685444;0.381087816;0.550925587;0.729297447;0.783195982;;;
234.13;H1L1;0.9567305;0.02971094;0.225376066;0.240981733;0.313728795;0.344756557;0.508495239;0.880059383;0.495128656;;;
234.18;H1L1;0.9473308;0.04098763;-0.021483595;-0.046307783;0.032765451;0.035806733;0.335778604;0.830596747;0.617184120;;;
25.24;H1L1;0.9086079;0.08885822;-0.003223343;0.072537624;0.100461716;0.080827224;0.147447920;0.506717256;0.495638250;;;
311.6;H1L1;0.8841890;0.09217184;0.263240223;0.278662253;0.313647961;0.426282835;0.552121658;0.829487261;0.440613087;;;
48.1;H1L1;0.8626309;0.24431537;0.077889444;0.230805738;0.317612180;0.340770332;0.302636996;0.461931292;0.389430679;;;
48.5;H1L1;0.9072797;0.14898256;0.124187009;0.258167774;0.320123327;0.337340544;0.348573941;0.513606716;0.631395447;;;
50.1;H1L1;0.9365006;0.09155683;0.407745278;0.489143523;0.498140096;0.501988020;0.515148648;0.583243657;0.709978229;;;
50.13;H1L1;0.9424266;0.05494657;0.255579172;0.437640443;0.451944246;0.451042002;0.503267422;0.748055399;0.796196016;;;
62.10;H1L1;0.8302427;0.27402816;0.219564846;0.193425444;0.220554624;0.242591515;0.316079943;0.420621189;0.554154198;;;
62.5;H1L1;0.7923372;0.33724108;0.101106307;0.207856359;0.366507703;0.473432351;0.433820716;0.664427093;0.706301021;;;
72.5;H1L1;0.9358876;0.13182612;0.420574708;0.327889864;0.412620340;0.409988806;0.406483358;0.465364547;0.550662437;;;
73.27;H1L1;0.9661303;0.02899849;0.077351799;-0.044520565;0.005039630;0.092233135;0.039870471;0.395762009;0.452677019;;;
75.23;H1L1;0.9179055;0.13071605;0.204112234;0.261164971;0.262953436;0.375605496;0.417090275;0.455072430;0.524033065;;;
77.3;H1L1;0.8624266;0.21034022;-0.035093588;0.036303075;0.074339365;0.146363111;0.091163138;0.251930617;0.314114921;;;
83.2;H1L1;0.7767050;0.36451355;0.225718573;0.475491475;0.519560672;0.616023353;0.629763924;0.668492132;0.774901006;;;
86.12;H1L1;0.7957088;0.29970389;-0.041337981;0.244591205;0.195883156;0.206695473;0.149566182;0.134654466;0.084997452;;;
87.10;H1L1;0.8563985;0.23901488;0.075682265;0.169579739;0.211308723;0.345329809;0.397302927;0.362911701;0.350398822;;;
97.1;H1L1;0.6321328;0.41599088;-0.016497969;0.105290069;0.076629301;0.339470990;0.449395770;0.284137626;0.287452666;;;
98.4;H1L1;0.8344317;0.21416919;0.045174300;0.277524287;0.345842726;0.517969709;0.559041133;0.590189396;0.635251259;;;
127.11;H2L1;0.7674074;0.29121267;-0.065211782;0.161970503;0.123947367;0.253852421;0.363246912;0.705095909;0.367245414;;;
15.21;H2L1;0.7423755;0.19324583;0.074960765;0.127547588;0.251245445;0.300739169;0.396448698;0.241972578;0.073779894;;;
152.4;H2L1;0.7657727;0.38412065;-0.253710156;-0.044408238;0.195174270;0.269754295;0.330599525;0.582331422;0.645299274;;;
157.3;H2L1;0.6983397;0.49989152;-0.192006627;-0.110690511;-0.093229409;0.146211940;0.134142871;0.364656228;0.209537133;;;
16.122;H2L1;0.8506769;0.11157848;0.219694547;0.242823752;0.169999333;0.185326290;0.166768024;0.476263031;0.338260820;;;
16.193;H2L1;0.7242912;0.24474395;0.070766031;0.072807145;0.162806604;0.102276106;0.112063844;0.009071098;0.150453643;;;
16.66;H2L1;0.8828608;0.07331901;0.153493069;0.088478980;0.139829766;0.154871378;0.247038720;0.507853272;0.238134522;;;
16.75;H2L1;0.8416858;0.12395626;0.285352613;0.199074869;0.228727664;0.338887915;0.437196429;0.693602769;0.340401280;;;
162.3;H2L1;0.8083780;0.28642689;0.013157027;0.083309913;0.071097278;0.113792048;0.188011329;0.670935752;0.302396435;;;
2.11;H2L1;0.9089144;0.05437071;0.049324431;0.128033794;0.182859593;0.249208942;0.457120601;0.749594282;0.252052199;;;
2.142;H2L1;0.7404342;0.28499586;0.408932762;0.369807548;0.377944530;0.403045284;0.645011472;0.106799809;0.191680163;;;
2.279;H2L1;0.7078416;0.29010986;0.252160569;0.368786753;0.348200199;0.422275742;0.613245486;0.370055216;0.275656769;;;
2.28;H2L1;0.8744828;0.08835892;0.308397224;0.249262960;0.308206398;0.342522969;0.375749259;0.548973905;0.037337188;;;
2.291;H2L1;0.9609195;0.02351739;0.323783554;0.244888527;0.287794634;0.316762045;0.332721240;0.398078649;0.570148420;;;
2.323;H2L1;0.7984674;0.16466914;0.020304072;-0.005287471;-0.029719647;0.003265319;0.163075706;-0.020287976;0.045282026;;;
20.2;H2L1;0.7510600;0.26127568;0.197741763;0.350702764;0.330149908;0.452522445;0.587587730;0.469823187;0.251566073;;;
200.4;H2L1;0.7392082;0.34881728;-0.100081499;0.041210460;0.154113070;0.201346094;0.341805210;0.506028488;0.451913841;;;
230.1;H2L1;0.8803065;0.11282417;-0.055097405;-0.115283944;-0.040131958;0.041937389;0.214777252;0.720048157;0.434881303;;;
247.3;H2L1;0.9023755;0.05954029;0.091180481;0.133025592;0.175061111;0.221414808;0.383531565;0.853973165;0.520113158;;;
26.26;H2L1;0.8507791;0.16766143;-0.064266571;-0.021512301;0.016265867;-0.002328065;0.003525130;0.187872418;0.099043401;;;
311.46;H2L1;0.8897063;0.09875686;0.267575906;0.295488561;0.381465395;0.386047578;0.543786488;0.840351621;0.524972946;;;
76.5;H2L1;0.9576501;0.07795431;-0.186859342;-0.111225882;-0.172348287;-0.080483374;-0.081447725;-0.048543094;0.129903481;;;
78.8;H2L1;0.8824521;0.24225596;-0.132320270;-0.133666042;-0.120353695;-0.041700407;-0.005107289;0.026461997;0.241746242;;;
79.3;H2L1;0.7867178;0.32886730;0.045571177;0.108997562;0.226408296;0.247332832;0.321588800;0.610611212;0.610251137;;;
8.2;H2L1;0.6532822;0.35989546;-0.061934228;-0.001471291;0.098626978;0.053383737;0.253585614;0.119522678;0.315144457;;;
84.11;H2L1;0.6616603;0.50325141;-0.240476338;0.082880012;0.226522507;0.288336187;0.119333720;0.137195406;0.314748162;;;
88.4;H2L1;0.9068710;0.18299944;-0.004983814;0.051948981;-0.012421092;0.059878150;0.123766330;0.133650737;0.233820238;;;
12.286;H2L1;0.7009962;0.26829908;0.525233110;0.626659190;0.711751883;0.714665827;0.848717254;0.384412862;0.461686316;;;
