"qsim";"qobs"
8.077291;0.22818
8.096319;0.305844
8.115347;0.308797
8.22;0.310553
8.239028;0.329297
8.258056;0.338789
8.258056;0.343454
8.277083;0.357489
8.286597;0.361504
8.296111;0.363417
8.305625;0.366509
8.315139;0.36776
8.34368;0.368101
8.362708;0.373409
8.381736;0.375021
8.381736;0.375383
8.400764;0.379027
8.400764;0.384764
8.410277;0.38869
8.410277;0.399497
8.419791;0.418882
8.429305;0.421592
8.429305;0.424033
8.448334;0.426509
8.467361;0.426995
8.486389;0.427083
8.505417;0.42819
8.533958;0.430225
8.552986;0.431581
8.5625;0.432238
8.572014;0.432259
8.591042;0.432259
8.600555;0.433551
8.619583;0.434843
8.638611;0.436857
8.65764;0.445177
8.676666;0.449794
8.695694;0.466636
8.720568;0.46687
8.724236;0.468346
8.739062;0.470428
8.743264;0.471229
8.757558;0.472026
8.757558;0.472977
8.766806;0.475025
8.771806;0.475145
8.771806;0.476261
8.771806;0.481013
8.776053;0.482443
8.776053;0.504373
8.776053;0.517031
8.790833;0.534014
8.794548;0.534479
8.794548;0.555304
8.800347;0.558789
8.809861;0.568512
8.809861;0.583011
8.822291;0.583908
8.828889;0.58796
8.828889;0.592534
8.838403;0.593408
8.838403;0.600156
8.838403;0.60075
8.840787;0.60197
8.85743;0.60664
8.85743;0.610508
8.85743;0.613993
8.866944;0.616756
8.866944;0.621623
8.866944;0.621647
8.866944;0.624322
8.86853;0.624938
8.876458;0.625593
8.876458;0.628434
8.876458;0.630068
8.876458;0.633599
8.885972;0.634775
8.885972;0.64481
8.887026;0.648134
8.895486;0.648863
8.895486;0.652403
8.895486;0.65445
8.896274;0.6785
8.90552;0.681703
8.914514;0.683431
8.924016;0.688204
8.924028;0.702397
8.933264;0.707576
8.933541;0.720845
8.933541;0.777586
8.943055;0.78018
8.943055;0.78255
8.951759;0.800374
8.962083;0.804317
8.971598;0.837224
8.971598;0.869413
8.979503;0.878564
8.990625;0.943014
8.990625;0.969622
9.007245;0.971219
9.009653;1.057165
9.009653;1.123318
9.009653;1.192081
9.028681;1.194226
9.034988;1.213567
9.038195;1.216296
9.038195;1.217028
9.047709;1.231284
9.057222;1.235937
9.062732;1.246559
9.062732;1.248802
9.066736;1.256193
9.07198;1.270761
9.07625;1.274816
9.085764;1.301715
9.085764;1.309531
9.090474;1.31075
9.095278;1.316242
9.095278;1.336072
9.104792;1.346939
9.104792;1.372474
9.104792;1.382306
9.118217;1.407047
9.123819;1.427529
9.123819;1.441556
9.127465;1.459136
9.127465;1.459961
9.133333;1.472882
9.136713;1.50613
9.142847;1.530951
9.145961;1.542607
9.145961;1.574475
9.152361;1.589836
9.152361;1.597877
9.155209;1.613235
9.161875;1.619035
9.171389;1.653939
9.171389;1.660862
9.173703;1.666738
9.180902;1.666738
9.182951;1.666972
9.19993;1.686096
9.201447;1.687147
9.209444;1.6948
9.209444;1.708052
9.210694;1.708365
9.210694;1.720839
9.219942;1.7288
9.228473;1.729687
9.228473;1.73329
9.22919;1.737515
9.22919;1.747311
9.237987;1.762703
9.238438;1.764728
9.2475;1.768602
9.247685;1.772672
9.256933;1.774549
9.257013;1.776978
9.275429;1.779315
9.276042;1.779371
9.276042;1.779371
9.276042;1.786383
9.29507;1.800749
9.303172;1.805514
9.304584;1.809089
9.323611;1.811036
9.323611;1.813541
9.330914;1.825459
9.342639;1.830708
9.352153;1.832818
9.352153;1.8356
9.352153;1.838221
9.361667;1.838741
9.361667;1.842198
9.361667;1.844199
9.367906;1.855018
9.371181;1.855018
9.371181;1.858302
9.380694;1.858331
9.380694;1.861308
9.380694;1.867965
9.380694;1.869288
9.380694;1.874903
9.390208;1.875869
9.390208;1.88166
9.395648;1.883702
9.399722;1.88527
9.399722;1.887087
9.399722;1.887087
9.399722;1.889554
9.409236;1.889673
9.409236;1.892325
9.409236;1.901065
9.409236;1.909659
9.409236;1.912577
9.41875;1.912577
9.41875;1.916712
9.41875;1.917486
9.41875;1.918249
9.423391;1.920836
9.437778;1.922161
9.437778;1.92616
9.437778;1.930018
9.451134;1.932191
9.456806;1.933862
9.456806;1.934157
9.466319;1.938589
9.466319;1.939932
9.475833;1.943254
9.478877;1.947606
9.485347;1.950184
9.485347;1.950553
9.485347;1.953262
9.494862;1.954835
9.494862;1.958624
9.494862;1.963533
9.504375;1.967028
9.504375;1.973669
9.504375;1.975174
9.504375;1.983271
9.504375;1.983346
9.50662;1.985972
9.513889;1.987514
9.513889;1.991208
9.515868;1.999796
9.523403;2.007293
9.523403;2.008514
9.523403;2.011838
9.532916;2.012367
9.534364;2.02119
9.542431;2.024391
9.542431;2.029199
9.542431;2.029806
9.542431;2.03054
9.551944;2.030888
9.551944;2.0356
9.551944;2.037903
9.561459;2.042558
9.561459;2.049917
9.561459;2.054535
9.561459;2.061405
9.561459;2.072629
9.562107;2.076318
9.570972;2.077076
9.570972;2.078493
9.570972;2.08014
9.580485;2.084396
9.580485;2.086373
9.580485;2.093135
9.589849;2.095554
9.589849;2.104571
9.59;2.108096
9.609028;2.108756
9.609028;2.108756
9.609028;2.108756
9.617592;2.109961
9.618542;2.111579
9.637569;2.124942
9.637569;2.131477
9.637569;2.132082
9.637569;2.133749
9.647084;2.134549
9.654584;2.144014
9.656597;2.149475
9.656597;2.149654
9.666111;2.150274
9.666111;2.151434
9.675625;2.151926
9.675625;2.152081
9.682327;2.154876
9.685139;2.157358
9.694654;2.167448
9.694654;2.16789
9.694654;2.168609
9.700822;2.169979
9.704166;2.17391
9.710069;2.17554
9.713681;2.179158
9.713681;2.182278
9.713681;2.185749
9.713681;2.190703
9.723194;2.192824
9.723194;2.193038
9.723194;2.197079
9.723194;2.197079
9.723194;2.198386
9.732708;2.199649
9.732708;2.20001
9.732708;2.201598
9.732708;2.206167
9.732708;2.221513
9.737812;2.224905
9.742223;2.225036
9.742223;2.225036
9.751736;2.233399
9.751736;2.238044
9.751736;2.239014
9.751736;2.244716
9.751736;2.248169
9.751736;2.248176
9.751736;2.259738
9.751736;2.26388
9.76125;2.265851
9.76125;2.26985
9.76125;2.277388
9.76125;2.277747
9.765555;2.281686
9.770763;2.281771
9.770763;2.281771
9.770763;2.28349
9.780278;2.285292
9.780278;2.287666
9.780278;2.287857
9.780278;2.291503
9.780278;2.294257
9.780278;2.29575
9.780278;2.30171
9.780278;2.303009
9.780278;2.308094
9.784051;2.309494
9.789792;2.312398
9.789792;2.312852
9.789792;2.316297
9.789792;2.316297
9.789792;2.316402
9.793299;2.318042
9.799305;2.319685
9.799305;2.324529
9.799305;2.328232
9.799305;2.332172
9.799305;2.335049
9.80882;2.336779
9.80882;2.337848
9.80882;2.337848
9.818333;2.338655
9.818333;2.345071
9.818333;2.347596
9.827847;2.352281
9.827847;2.357004
9.827847;2.366583
9.830289;2.373628
9.837361;2.374543
9.837361;2.381265
9.837361;2.381265
9.846874;2.387241
9.856389;2.387712
9.856389;2.398333
9.856389;2.398521
9.858032;2.402083
9.865902;2.406029
9.865902;2.407052
9.865902;2.409222
9.865902;2.409222
9.865902;2.409944
9.875417;2.415572
9.875417;2.421755
9.884931;2.42185
9.884931;2.422278
9.884931;2.425276
9.884931;2.429299
9.884931;2.42976
9.884931;2.431114
9.894444;2.434365
9.894444;2.434882
9.894444;2.436367
9.894444;2.436367
9.894444;2.436816
9.894444;2.438001
9.895023;2.441948
9.903958;2.444047
9.903958;2.446305
9.903958;2.451979
9.903958;2.463821
9.913473;2.464142
9.913473;2.465043
9.913473;2.465399
9.913473;2.465958
9.913473;2.46932
9.922766;2.470027
9.922986;2.472811
9.922986;2.474349
9.922986;2.477875
9.922986;2.478064
9.9325;2.480794
9.9325;2.490281
9.9325;2.492391
9.942014;2.492846
9.942014;2.494736
9.942014;2.494736
9.942014;2.494736
9.942014;2.499263
9.950509;2.501402
9.951528;2.505901
9.951528;2.506107
9.951528;2.524933
9.951528;2.532291
9.951528;2.536672
9.951528;2.542048
9.951528;2.545857
9.951528;2.554885
9.961042;2.559871
9.961042;2.560982
9.961042;2.563612
9.969005;2.565159
9.970555;2.5695
9.970555;2.570447
9.970555;2.575401
9.970555;2.576283
9.978252;2.5813
9.978252;2.5872
9.98007;2.593095
9.98007;2.596987
9.98007;2.608812
9.98007;2.610774
9.98007;2.621137
9.98007;2.625391
9.98007;2.628632
9.98007;2.636141
9.98007;2.636166
9.98007;2.636166
9.98007;2.644772
9.9875;2.64777
9.989583;2.662897
9.989583;2.663685
9.989583;2.66404
9.989583;2.668321
9.996747;2.679024
9.996747;2.679044
9.999097;2.681401
9.999097;2.685404
9.999097;2.685404
9.999097;2.692902
9.999097;2.693616
9.999097;2.693616
10.008612;2.69927
10.008612;2.701
10.008612;2.701828
10.008612;2.701828
10.008612;2.706432
10.008612;2.709135
10.008612;2.71004
10.008612;2.71004
10.015243;2.71022
10.018125;2.711206
10.018125;2.711572
10.018125;2.717572
10.018125;2.718252
10.018125;2.718252
10.018125;2.721504
10.02449;2.725597
10.027639;2.725597
10.027639;2.726466
10.027639;2.726466
10.027639;2.731548
10.027639;2.73275
10.027639;2.734679
10.027639;2.734679
10.027639;2.7384
10.027639;2.738589
10.027639;2.739841
10.027639;2.742893
10.033739;2.742893
10.037152;2.745546
10.037152;2.747453
10.037152;2.751107
10.037152;2.751107
10.037152;2.751364
10.037152;2.751825
10.046666;2.754623
10.046666;2.759841
10.046666;2.760937
10.046666;2.764684
10.046666;2.764952
10.046666;2.7757
10.046666;2.795618
10.046666;2.803553
10.046666;2.807527
10.052234;2.808612
10.056181;2.810179
10.056181;2.813
10.056181;2.824665
10.056181;2.846112
10.056181;2.8504
10.056181;2.869998
10.056181;2.871472
10.056181;2.873949
10.056181;2.876637
10.056181;2.881242
10.065694;2.884964
10.065694;2.887701
10.065694;2.888599
10.065694;2.890788
10.065694;2.892124
10.065694;2.895378
10.065694;2.899667
10.065694;2.899667
10.065694;2.903949
10.065694;2.90573
10.075209;2.921097
10.075209;2.9251
10.075209;2.925387
10.079977;2.92617
10.084722;2.927531
10.084722;2.927531
10.084722;2.934442
10.084722;2.934909
10.084722;2.936103
10.084722;2.948964
10.084722;2.950828
10.084722;2.951209
10.094236;2.95625
10.094236;2.9624
10.094236;2.967506
10.094236;2.97833
10.094236;2.978976
10.094236;2.984397
10.094236;2.98944
10.094236;2.994671
10.10375;2.996124
10.10375;2.9997
10.10375;3.000411
10.10375;3.009564
10.10375;3.013177
10.10375;3.01485
10.10375;3.016666
10.10375;3.0177
10.10375;3.025605
10.10375;3.034719
10.10772;3.037101
10.113263;3.054016
10.113263;3.0689
10.113263;3.0744
10.113263;3.074906
10.113263;3.0776
10.113263;3.0791
10.113263;3.088668
10.116967;3.088668
10.122778;3.090947
10.122778;3.099921
10.122778;3.109767
10.122778;3.1117
10.122778;3.113325
10.122778;3.116202
10.122778;3.12478
10.122778;3.126355
10.122778;3.126946
10.122778;3.129237
10.132292;3.129274
10.132292;3.13336
10.132292;3.134684
10.132292;3.135506
10.132292;3.136417
10.132292;3.1406
10.132292;3.144094
10.132292;3.145688
10.132292;3.1491
10.132292;3.152674
10.135463;3.152952
10.141806;3.153724
10.141806;3.161259
10.141806;3.162141
10.141806;3.178595
10.141806;3.179144
10.141806;3.183602
10.141806;3.1864
10.141806;3.186822
10.141806;3.195049
10.141806;3.195599
10.141806;3.199893
10.15132;3.202
10.15132;3.203275
10.15132;3.206549
10.15132;3.212771
10.15132;3.219182
10.15132;3.219731
10.15132;3.2237
10.15132;3.225397
10.15132;3.2274
10.15132;3.227762
10.15132;3.227959
10.160833;3.229667
10.160833;3.229667
10.160833;3.229667
10.160833;3.229667
10.160833;3.229667
10.160833;3.229667
10.163206;3.229667
10.170347;3.232088
10.170347;3.236187
10.170347;3.236371
10.170347;3.241666
10.170347;3.247061
10.170347;3.252643
10.179862;3.2529
10.179862;3.260872
10.179862;3.2611
10.179862;3.269101
10.179862;3.272629
10.179862;3.277331
10.179862;3.278301
10.179862;3.29375
10.179862;3.29379
10.181701;3.2984
10.189375;3.303801
10.189375;3.310249
10.189375;3.312885
10.189375;3.313584
10.189375;3.315942
10.189375;3.318478
10.189375;3.318478
10.198889;3.3292
10.198889;3.334939
10.198889;3.334963
10.200197;3.3358
10.208403;3.339363
10.208403;3.349703
10.208403;3.351398
10.208403;3.354166
10.208403;3.354554
10.208403;3.3547
10.208403;3.362319
10.208403;3.362955
10.208403;3.365074
10.208403;3.366611
10.208403;3.367252
10.208403;3.36786
10.217916;3.36786
10.217916;3.370819
10.217916;3.3731
10.217916;3.374228
10.217916;3.374228
10.217916;3.374228
10.227431;3.374228
10.227431;3.375
10.227431;3.376092
10.227431;3.376092
10.227431;3.3801
10.227431;3.382257
10.227431;3.382627
10.227431;3.384322
10.236944;3.384322
10.236944;3.384322
10.236944;3.391138
10.236944;3.392554
10.236944;3.392554
10.237187;3.393002
10.246459;3.395118
10.246459;3.395155
10.246459;3.400786
10.255972;3.4056
10.255972;3.409017
10.255972;3.409017
10.255972;3.409017
10.255972;3.4104
10.255972;3.412333
10.255972;3.414468
10.264931;3.417249
10.265486;3.421279
10.275001;3.425481
10.275001;3.427065
10.275001;3.427333
10.275001;3.4311
10.275001;3.431903
10.275001;3.433748
10.275001;3.437206
10.275001;3.438078
10.284513;3.441946
10.284513;3.441946
10.284513;3.444934
10.284513;3.444999
10.284513;3.447799
10.292674;3.448806
10.294028;3.450177
10.294028;3.456499
10.294028;3.45841
10.294028;3.462499
10.294028;3.465959
10.303541;3.469115
10.303541;3.474875
10.303541;3.476081
10.303541;3.482001
10.313055;3.483333
10.313055;3.4851
10.313055;3.491571
10.320417;3.491706
10.32257;3.499574
10.32257;3.500882
10.332083;3.5013
10.332083;3.503916
10.332083;3.505609
10.332083;3.506732
10.338912;3.507399
10.341598;3.507808
10.341598;3.507808
10.341598;3.51317
10.341598;3.516041
10.341598;3.519192
10.351111;3.519329
10.351111;3.521752
10.351111;3.521992
10.360625;3.522356
10.360625;3.522371
10.360625;3.522371
10.360625;3.522371
10.360625;3.522371
10.360625;3.522399
10.366655;3.532483
10.370139;3.53251
10.370139;3.5329
10.370139;3.534626
10.370139;3.541063
10.370139;3.545367
10.370139;3.546407
10.370139;3.548977
10.379652;3.550001
10.379652;3.553944
10.385151;3.5583
10.389167;3.5598
10.389167;3.560385
10.389167;3.568014
10.389167;3.568559
10.389167;3.571118
10.398681;3.57368
10.398681;3.57368
10.398681;3.57368
10.398681;3.574365
10.403646;3.575052
10.408195;3.575413
10.408195;3.576009
10.408195;3.577978
10.408195;3.579336
10.408195;3.5838
10.408195;3.590149
10.417708;3.591906
10.417708;3.596635
10.417708;3.5971
10.422141;3.597916
10.427222;3.598214
10.427222;3.601499
10.427222;3.606619
10.427222;3.607625
10.427222;3.609199
10.427222;3.613958
10.427222;3.622236
10.436736;3.62309
10.436736;3.629455
10.436736;3.631249
10.436736;3.634332
10.436736;3.634399
10.436736;3.6346
10.436736;3.639561
10.446251;3.639561
10.446251;3.647612
10.446251;3.647796
10.446251;3.656892
10.446251;3.658333
10.446251;3.65998
10.449884;3.6601
10.455764;3.660232
10.455764;3.66048
10.455764;3.660517
10.455764;3.664266
10.455764;3.664319
10.455764;3.671799
10.455764;3.673858
10.455764;3.674114
10.465278;3.674114
10.465278;3.674114
10.465278;3.674114
10.465278;3.67461
10.465278;3.679338
10.465278;3.68074
10.465278;3.6855
10.474792;3.687415
10.474792;3.695661
10.474792;3.697212
10.474792;3.705448
10.484305;3.705448
10.484305;3.705921
10.484305;3.7091
10.484305;3.710999
10.486875;3.711959
10.49382;3.713684
10.49382;3.724909
10.49382;3.728549
10.49382;3.735005
10.49382;3.736034
10.503333;3.7364
10.503333;3.738394
10.503333;3.745737
10.503333;3.746499
10.503333;3.751496
10.503333;3.751496
10.503333;3.751865
10.503333;3.753656
10.512847;3.754868
10.512847;3.7619
10.512847;3.763104
10.512847;3.771342
10.512847;3.771342
10.512847;3.772529
10.512847;3.773421
10.512847;3.773948
10.522361;3.781931
10.522361;3.782448
10.522361;3.783799
10.522361;3.7874
10.522361;3.787817
10.522361;3.788037
10.523866;3.789385
10.531875;3.795139
10.531875;3.797886
10.531875;3.803084
10.531875;3.806678
10.541389;3.812529
10.541389;3.8128
10.541389;3.816278
10.541389;3.818034
10.541389;3.8211
10.541389;3.829005
10.541389;3.829479
10.550902;3.829479
10.550902;3.829479
10.550902;3.835715
10.550902;3.836451
10.550902;3.837244
10.550902;3.838171
10.560417;3.8383
10.560417;3.841524
10.560417;3.84383
10.560417;3.84548
10.560417;3.854675
10.560417;3.855916
10.560417;3.856251
10.560417;3.858501
10.560856;3.858964
10.56993;3.861957
10.56993;3.8637
10.56993;3.866936
10.56993;3.873966
10.56993;3.874356
10.56993;3.886672
10.579444;3.889201
10.579444;3.889771
10.579444;3.893585
10.579444;3.895801
10.579444;3.902488
10.588959;3.903149
10.588959;3.903151
10.588959;3.90409
10.588959;3.908371
10.588959;3.908978
10.588959;3.908978
10.588959;3.9146
10.588959;3.91704
10.597848;3.919628
10.598472;3.921175
10.598472;3.9247
10.598472;3.928853
10.598472;3.932135
10.598472;3.935793
10.598472;3.936105
10.598472;3.940101
10.607986;3.942192
10.607986;3.943066
10.607986;3.951781
10.607986;3.953601
10.607986;3.955808
10.607986;3.958494
10.607986;3.960823
10.607986;3.964829
10.6175;3.9655
10.6175;3.969063
10.6175;3.970338
10.6175;3.970673
10.627014;3.977303
10.627014;3.981735
10.627014;3.982216
10.627014;3.9825
10.627014;3.985311
10.627014;3.987996
10.627014;3.988483
10.627014;3.988483
10.627014;3.988483
10.627014;3.990728
10.634838;3.991001
10.636528;3.99378
10.636528;4.000284
10.636528;4.008016
10.636528;4.011401
10.636528;4.016399
10.636528;4.016815
10.636528;4.022521
10.646041;4.02768
10.646041;4.027792
10.646041;4.030351
10.646041;4.034801
10.646041;4.034979
10.646041;4.035502
10.646041;4.0361
10.646041;4.040299
10.646041;4.041901
10.646041;4.044065
10.655556;4.056604
10.655556;4.057417
10.655556;4.060347
10.655556;4.067299
10.655556;4.06772
10.655556;4.069199
10.655556;4.069583
10.655556;4.07102
10.66507;4.073701
10.66507;4.077755
10.66507;4.078961
10.66507;4.080404
10.66507;4.084
10.66507;4.084136
10.66507;4.092801
10.66507;4.0981
10.671829;4.109141
10.674583;4.116699
10.674583;4.1182
10.674583;4.119644
10.674583;4.124512
10.674583;4.126999
10.674583;4.138579
10.674583;4.140367
10.674583;4.143701
10.684097;4.145131
10.684097;4.151146
10.684097;4.151146
10.684097;4.153255
10.684097;4.1559
10.69361;4.161421
10.69361;4.163293
10.69361;4.165483
10.69361;4.165667
10.69361;4.1691
10.703125;4.173988
10.703125;4.184157
10.703125;4.184799
10.703125;4.192677
10.703125;4.194601
10.71264;4.197501
10.71264;4.199281
10.71264;4.202917
10.71264;4.206174
10.718067;4.211576
10.722153;4.213699
10.722153;4.215579
10.722153;4.216275
10.727315;4.217917
10.731667;4.220001
10.731667;4.237302
10.731667;4.240999
10.731667;4.2426
10.731667;4.24286
10.731667;4.2455
10.731667;4.257501
10.736563;4.257948
10.74118;4.26062
10.74118;4.262447
10.74118;4.264354
10.74118;4.2654
10.74118;4.265585
10.74118;4.2709
10.74118;4.2715
10.74581;4.273417
10.74581;4.279595
10.74581;4.283975
10.750694;4.291666
10.750694;4.293991
10.750694;4.29433
10.750694;4.2964
10.750694;4.300277
10.755057;4.300399
10.755057;4.310795
10.755057;4.317491
10.760209;4.320153
10.760209;4.320424
10.760209;4.320863
10.760209;4.3218
10.760209;4.323086
10.769722;4.327638
10.769722;4.329046
10.769722;4.3293
10.769722;4.330021
10.769722;4.331658
10.769722;4.333157
10.779236;4.347199
10.779236;4.347938
10.779236;4.353989
10.779236;4.3582
10.779236;4.364673
10.78875;4.368111
10.78875;4.372708
10.78875;4.380871
10.78875;4.383444
10.78875;4.386666
10.78875;4.387099
10.78875;4.398893
10.792049;4.415982
10.792049;4.417613
10.798264;4.419041
10.798264;4.426168
10.798264;4.430155
10.798264;4.430476
10.798264;4.432006
10.798264;4.443352
10.807778;4.4469
10.807778;4.447049
10.807778;4.447235
10.807778;4.461582
10.807778;4.481585
10.807778;4.487529
10.807778;4.487895
10.807778;4.489318
10.807778;4.493652
10.810544;4.495194
10.810544;4.498561
10.817291;4.502838
10.817291;4.507775
10.817291;4.509209
10.817291;4.51096
10.817291;4.516797
10.817291;4.518874
10.826806;4.519368
10.826806;4.527134
10.826806;4.547714
10.826806;4.547797
10.826806;4.554206
10.826806;4.557878
10.82904;4.558329
10.82904;4.559975
10.82904;4.562449
10.82904;4.566876
10.82904;4.570813
10.82904;4.581632
10.83632;4.584952
10.83632;4.586357
10.83632;4.590316
10.83632;4.592543
10.83632;4.596052
10.83632;4.611908
10.83632;4.622774
10.83632;4.626148
10.83632;4.6284
10.845833;4.630775
10.845833;4.638244
10.845833;4.639818
10.845833;4.655213
10.845833;4.658103
10.845833;4.658739
10.845833;4.659281
10.845833;4.663529
10.845833;4.667148
10.845833;4.669375
10.845833;4.669611
10.845833;4.670341
10.855348;4.671809
10.855348;4.675832
10.855348;4.677852
10.855348;4.679157
10.855348;4.680731
10.855348;4.68182
10.855348;4.686096
10.855348;4.687732
10.856783;4.692637
10.856783;4.7124
10.864861;4.713601
10.864861;4.720172
10.864861;4.720558
10.864861;4.731894
10.864861;4.732891
10.864861;4.733541
10.864861;4.73539
10.864861;4.738667
10.86603;4.741481
10.874375;4.742056
10.874375;4.752612
10.874375;4.763699
10.874375;4.767701
10.874375;4.768145
10.874375;4.769128
10.874375;4.773723
10.874375;4.776775
10.874375;4.78299
10.874375;4.78299
10.875278;4.78299
10.883889;4.785017
10.883889;4.785051
10.883889;4.787292
10.883889;4.796694
10.883889;4.800473
10.883889;4.804465
10.883889;4.805488
10.893403;4.806727
10.893403;4.808768
10.893403;4.809899
10.893773;4.812308
10.902917;4.8139
10.902917;4.817491
10.902917;4.8177
10.902917;4.821717
10.902917;4.824451
10.902917;4.82706
10.903021;4.828177
10.91243;4.836156
10.91243;4.838662
10.91243;4.85001
10.91243;4.85404
10.91243;4.855167
10.921516;4.85921
10.921945;4.863999
10.921945;4.8649
10.921945;4.882451
10.921945;4.883923
10.921945;4.887513
10.921945;4.897295
10.921945;4.897379
10.921945;4.90014
10.921945;4.900428
10.921945;4.908671
10.921945;4.908671
10.921945;4.910691
10.921945;4.911002
10.921945;4.914101
10.921945;4.914888
10.921945;4.915738
10.921945;4.918446
10.921945;4.920973
10.930764;4.923
10.931458;4.933949
10.931458;4.937153
10.931458;4.937662
10.931458;4.937679
10.931458;4.943267
10.931458;4.947328
10.931458;4.953403
10.931458;4.955142
10.940972;4.958134
10.940972;4.958755
10.940972;4.964201
10.940972;4.969389
10.940972;4.979848
10.940972;4.980316
10.940972;4.9812
10.950486;4.981287
10.950486;4.981657
10.950486;4.983061
10.950486;4.983069
10.950486;4.984424
10.950486;4.986185
10.950486;4.986248
10.950486;4.987358
10.958507;4.988301
10.958507;4.991299
10.958507;4.993345
10.958507;4.996558
10.959999;4.999352
10.959999;5.005001
10.959999;5.00506
10.959999;5.005842
10.969514;5.012287
10.969514;5.0143
10.969514;5.015841
10.969514;5.018062
10.979028;5.01926
10.979028;5.03245
10.979028;5.039301
10.979028;5.041432
10.979028;5.044719
10.979028;5.047874
10.98625;5.048816
10.988542;5.04912
10.988542;5.050925
10.988542;5.056807
10.988542;5.060233
10.988542;5.063615
10.988542;5.064499
10.988542;5.066404
10.988542;5.073301
10.988542;5.077375
10.995498;5.079518
10.998055;5.081676
10.998055;5.086535
10.998055;5.090034
10.998055;5.093863
11.004745;5.0975
11.007569;5.098278
11.007569;5.099568
11.007569;5.099738
11.007569;5.102123
11.007569;5.105633
11.007569;5.113913
11.007569;5.114601
11.017083;5.117745
11.017083;5.118562
11.017083;5.12022
11.017083;5.123008
11.017083;5.12779
11.017083;5.129489
11.017083;5.131252
11.017083;5.134641
11.017083;5.13848
11.017083;5.143735
11.026598;5.147739
11.026598;5.152215
11.026598;5.155601
11.026598;5.156966
11.026598;5.157536
11.026598;5.164616
11.026598;5.1647
11.026598;5.170662
11.036111;5.172471
11.036111;5.172691
11.036111;5.1728
11.036111;5.174179
11.036111;5.197203
11.041737;5.197408
11.041737;5.197991
11.045625;5.210888
11.045625;5.211613
11.045625;5.2138
11.045625;5.2148
11.045625;5.215596
11.045625;5.21751
11.045625;5.221716
11.045625;5.226192
11.045625;5.23842
11.045625;5.23842
11.045625;5.242242
11.055139;5.243039
11.055139;5.246664
11.055139;5.250024
11.055139;5.264899
11.055139;5.2719
11.055139;5.28302
11.055139;5.287881
11.055139;5.306044
11.055139;5.310396
11.055139;5.320855
11.055139;5.3301
11.064652;5.336627
11.064652;5.337342
11.064652;5.344881
11.064652;5.346928
11.064652;5.35383
11.074167;5.35383
11.074167;5.3543
11.074167;5.358136
11.074167;5.363278
11.074167;5.365744
11.074167;5.370304
11.074167;5.380048
11.078727;5.386801
11.078727;5.388201
11.08368;5.393807
11.08368;5.403289
11.08368;5.406193
11.08368;5.426652
11.08368;5.42777
11.08368;5.428019
11.08368;5.432482
11.08368;5.436263
11.08368;5.443387
11.08368;5.445
11.08368;5.446401
11.093195;5.448445
11.093195;5.451834
11.093195;5.453563
11.093195;5.458272
11.093195;5.465959
11.093195;5.467343
11.093195;5.477478
11.093195;5.477479
11.093195;5.478482
11.093195;5.504499
11.102709;5.505245
11.102709;5.506634
11.102709;5.510563
11.102709;5.517291
11.102709;5.518695
11.102709;5.524198
11.112222;5.526938
11.112222;5.531069
11.112222;5.535799
11.112222;5.551667
11.112222;5.555114
11.112222;5.555803
11.112222;5.556437
11.112222;5.558624
11.115718;5.562701
11.121737;5.563892
11.121737;5.56625
11.121737;5.568407
11.121737;5.574797
11.121737;5.576395
11.121737;5.576395
11.121737;5.57737
11.131249;5.586404
11.131249;5.586404
11.131249;5.586413
11.131249;5.586854
11.131249;5.597807
11.131249;5.599592
11.140764;5.601125
11.140764;5.60148
11.140764;5.602774
11.150278;5.60288
11.150278;5.606198
11.150278;5.617353
11.150278;5.620901
11.150278;5.625854
11.150278;5.632539
11.150278;5.634096
11.150278;5.635901
11.150278;5.645742
11.152708;5.655632
11.159791;5.656653
11.159791;5.659918
11.169306;5.664235
11.169306;5.667066
11.169306;5.668969
11.169306;5.672808
11.169306;5.677105
11.169306;5.677861
11.178819;5.678999
11.178819;5.68114
11.178819;5.683552
11.178819;5.68816
11.178819;5.694327
11.178819;5.708279
11.188334;5.714737
11.188334;5.716522
11.189699;5.717199
11.197847;5.736617
11.197847;5.736878
11.197847;5.737201
11.197847;5.739161
11.197847;5.741019
11.197847;5.741587
11.197847;5.759109
11.197847;5.763718
11.207361;5.765976
11.207361;5.765976
11.207361;5.771055
11.207361;5.776009
11.216875;5.782461
11.216875;5.7953
11.216875;5.801783
11.226388;5.810328
11.226388;5.812557
11.226388;5.827198
11.226388;5.83627
11.226388;5.845861
11.226388;5.848398
11.226388;5.850792
11.226689;5.8535
11.235903;5.854267
11.235903;5.854443
11.235903;5.856136
11.235903;5.864009
11.235903;5.864881
11.235903;5.865708
11.235903;5.866211
11.245417;5.879095
11.245417;5.885927
11.245417;5.89194
11.25493;5.896304
11.25493;5.898701
11.25493;5.906188
11.25493;5.909148
11.263681;5.911601
11.264444;5.911786
11.264444;5.911831
11.264444;5.914333
11.273958;5.914876
11.273958;5.917468
11.273958;5.920247
11.273958;5.924287
11.283472;5.926181
11.283472;5.930684
11.283472;5.930816
11.283472;5.932929
11.292987;5.934865
11.292987;5.941661
11.292987;5.941902
11.292987;5.943361
11.292987;5.943573
11.292987;5.944118
11.292987;5.945049
11.292987;5.952192
11.292987;5.954506
11.300672;5.963902
11.3025;5.966361
11.3025;5.968245
11.3025;5.9698
11.3025;5.977007
11.3025;5.982763
11.3025;5.986005
11.3025;5.990297
11.309919;5.99429
11.312014;5.996488
11.312014;5.997564
11.312014;6.00332
11.312014;6.00332
11.312014;6.014666
11.312014;6.01747
11.312014;6.027899
11.312014;6.029167
11.321528;6.036044
11.321528;6.036047
11.321528;6.051036
11.321528;6.052441
11.331041;6.06268
11.331041;6.065175
11.331041;6.075297
11.331041;6.0802
11.331041;6.08289
11.331041;6.083783
11.340556;6.084464
11.340556;6.0861
11.340556;6.087039
11.340556;6.091805
11.340556;6.098383
11.340556;6.110523
11.34691;6.11062
11.350069;6.112416
11.350069;6.112604
11.350069;6.115519
11.350069;6.1157
11.350069;6.119165
11.359584;6.120367
11.359584;6.120552
11.359584;6.120906
11.359584;6.121875
11.369098;6.12865
11.369098;6.137476
11.369098;6.140858
11.369098;6.144199
11.369098;6.144672
11.369098;6.171741
11.369098;6.17615
11.369098;6.179593
11.378611;6.179662
11.378611;6.185039
11.378611;6.19029
11.3839;6.19046
11.388125;6.190792
11.388125;6.196058
11.388125;6.196324
11.388125;6.2024
11.388125;6.206014
11.388125;6.210623
11.388125;6.211014
11.397638;6.216367
11.397638;6.221254
11.397638;6.222541
11.397638;6.227312
11.397638;6.232729
11.407153;6.260499
11.407153;6.261592
11.407153;6.261595
11.407153;6.261701
11.407153;6.263781
11.407153;6.26667
11.416667;6.269954
11.416667;6.27585
11.416667;6.280382
11.416667;6.284334
11.416667;6.286488
11.416667;6.287558
11.416667;6.303308
11.42618;6.309896
11.42618;6.313217
11.42618;6.313858
11.42618;6.314553
11.430139;6.318701
11.435695;6.325188
11.435695;6.327946
11.435695;6.334787
11.435695;6.335514
11.445208;6.343186
11.445208;6.351957
11.445208;6.35205
11.445208;6.359334
11.445208;6.364734
11.445208;6.366398
11.445208;6.37556
11.445208;6.3768
11.445208;6.380575
11.445208;6.38217
11.445208;6.382592
11.445208;6.395173
11.454722;6.406542
11.454722;6.40663
11.454722;6.411984
11.464236;6.41774
11.464236;6.42158
11.46713;6.426041
11.47375;6.431612
11.47375;6.431756
11.47375;6.435
11.47375;6.435613
11.47375;6.435708
11.483264;6.443099
11.483264;6.452569
11.483264;6.46933
11.483264;6.471385
11.483264;6.472008
11.483264;6.480232
11.483264;6.48035
11.483264;6.483472
11.483264;6.493201
11.492777;6.495265
11.492777;6.499146
11.492777;6.499402
11.492777;6.507642
11.492777;6.514463
11.502292;6.515477
11.502292;6.520293
11.511806;6.523759
11.511806;6.528098
11.511806;6.532155
11.511806;6.544072
11.511806;6.546858
11.511806;6.551299
11.511806;6.558163
11.511806;6.561905
11.511806;6.570257
11.513368;6.579446
11.521319;6.583904
11.521319;6.58825
11.521319;6.589087
11.521319;6.59175
11.521319;6.609501
11.521319;6.613754
11.521319;6.622465
11.521319;6.624566
11.530833;6.632011
11.530833;6.635085
11.530833;6.642216
11.530833;6.643013
11.530833;6.644987
11.531863;6.65403
11.540348;6.655932
11.540348;6.664991
11.540348;6.667599
11.540348;6.669772
11.549861;6.680647
11.549861;6.68125
11.549861;6.684193
11.549861;6.691803
11.549861;6.695711
11.549861;6.70011
11.549861;6.705432
11.549861;6.721266
11.550359;6.725799
11.559376;6.730218
11.559376;6.738947
11.559376;6.748021
11.559376;6.752389
11.568854;6.763681
11.568854;6.781922
11.568889;6.783899
11.568889;6.784331
11.568889;6.804207
11.568889;6.806066
11.568889;6.809278
11.568889;6.815841
11.568889;6.82542
11.578101;6.836635
11.578101;6.836692
11.578101;6.838865
11.578101;6.842101
11.578403;6.854566
11.578403;6.855377
11.578403;6.860115
11.578403;6.867178
11.58735;6.870104
11.587917;6.886599
11.587917;6.898832
11.587917;6.9002
11.587917;6.912201
11.587917;6.934025
11.587917;6.947168
11.587917;6.952466
11.587917;6.956281
11.587917;6.95632
11.596597;6.958401
11.59743;6.960336
11.59743;6.982894
11.59743;6.990152
11.59743;6.995953
11.59743;7.005905
11.59743;7.011291
11.59743;7.015285
11.59743;7.0165
11.605844;7.03974
11.606945;7.052523
11.606945;7.055712
11.606945;7.05953
11.606945;7.05953
11.606945;7.064246
11.615093;7.065813
11.616458;7.067116
11.616458;7.069936
11.616458;7.074701
11.616458;7.075869
11.616458;7.084369
11.616458;7.086358
11.616458;7.086813
11.616458;7.100706
11.616458;7.106569
11.625972;7.107801
11.625972;7.120278
11.625972;7.1328
11.625972;7.141138
11.625972;7.157346
11.625972;7.187694
11.625972;7.191001
11.625972;7.191488
11.625972;7.192308
11.625972;7.195825
11.625972;7.199522
11.625972;7.208754
11.633588;7.213129
11.633588;7.215679
11.635487;7.221628
11.635487;7.226169
11.635487;7.237421
11.635487;7.239176
11.645;7.243991
11.645;7.245731
11.645;7.248454
11.645;7.24893
11.645;7.24893
11.645;7.266902
11.645;7.294268
11.645;7.300464
11.654514;7.322673
11.654514;7.328787
11.654514;7.331265
11.654514;7.355193
11.654514;7.355342
11.654514;7.362455
11.654514;7.391074
11.654514;7.391552
11.654514;7.409846
11.661331;7.411962
11.664027;7.447172
11.664027;7.448801
11.664027;7.462993
11.664027;7.464577
11.664027;7.464645
11.664027;7.482502
11.664027;7.503945
11.664027;7.506358
11.673542;7.51931
11.673542;7.522957
11.673542;7.524419
11.673542;7.533021
11.673542;7.533513
11.673542;7.545057
11.673542;7.549368
11.683056;7.554002
11.683056;7.554467
11.683056;7.574041
11.683056;7.577687
11.683056;7.594706
11.683056;7.605941
11.683056;7.614753
11.692569;7.617291
11.692569;7.628772
11.692569;7.629969
11.692569;7.644159
11.692569;7.657751
11.692569;7.658632
11.692569;7.664629
11.702084;7.676619
11.702084;7.681205
11.702084;7.683503
11.702084;7.715459
11.702084;7.718756
11.702084;7.721138
11.711596;7.734632
11.711596;7.738235
11.711596;7.74679
11.711596;7.758844
11.711596;7.770356
11.711596;7.792887
11.711596;7.801426
11.711596;7.821255
11.711596;7.834558
11.721111;7.845128
11.721111;7.846678
11.721111;7.847619
11.721111;7.853614
11.721111;7.856006
11.721111;7.868712
11.721111;7.878074
11.730625;7.878443
11.730625;7.883122
11.730625;7.884652
11.730625;7.894273
11.730625;7.899755
11.730625;7.902349
11.730625;7.912804
11.730625;7.913419
11.740139;7.921012
11.740139;7.945226
11.740139;7.957082
11.740139;7.959557
11.740139;7.962753
11.740139;8.001875
11.749653;8.011812
11.749653;8.033034
11.749653;8.056171
11.749653;8.066544
11.749653;8.072024
11.749653;8.087749
11.759166;8.102167
11.759166;8.102645
11.759166;8.104057
11.759166;8.112693
11.763055;8.113251
11.768681;8.114115
11.768681;8.116193
11.768681;8.121275
11.768681;8.122676
11.768681;8.12534
11.768681;8.127967
11.768681;8.149392
11.768681;8.152575
11.768681;8.166328
11.768681;8.169974
11.768681;8.176006
11.768681;8.196623
11.768681;8.230659
11.768681;8.236847
11.778194;8.250253
11.778194;8.253524
11.778194;8.263738
11.787708;8.271152
11.787708;8.271152
11.787708;8.275324
11.797222;8.282173
11.797222;8.285391
11.797222;8.297426
11.806737;8.298415
11.806737;8.318322
11.806737;8.340123
11.81625;8.340214
11.81625;8.354755
11.81625;8.355253
11.81625;8.357322
11.81625;8.370203
11.825764;8.374072
11.825764;8.379653
11.825764;8.386924
11.825764;8.388834
11.835278;8.394876
11.835278;8.422032
11.835278;8.422482
11.835278;8.42295
11.844791;8.430578
11.844791;8.440546
11.844791;8.464142
11.854306;8.470923
11.854306;8.507103
11.863819;8.508334
11.863819;8.509328
11.873334;8.512224
11.873334;8.525778
11.873334;8.541848
11.882847;8.556149
11.882847;8.566253
11.882847;8.576993
11.892361;8.58015
11.892361;8.60495
11.901875;8.61168
11.911388;8.625637
11.911388;8.640229
11.911388;8.642086
11.911388;8.644076
11.911388;8.653856
11.911388;8.65499
11.911388;8.663538
11.911388;8.684744
11.920903;8.691484
11.920903;8.69736
11.920903;8.699973
11.920903;8.703621
11.929514;8.710975
11.930416;8.715435
11.930416;8.716779
11.930416;8.739933
11.930416;8.746304
11.930416;8.748101
11.939931;8.760031
11.939931;8.760321
11.939931;8.767306
11.939931;8.769486
11.939931;8.770784
11.939931;8.770868
11.939931;8.777626
11.949445;8.794783
11.949445;8.81793
11.949445;8.828658
11.949445;8.830456
11.958958;8.836957
11.958958;8.856467
11.958958;8.862317
11.958958;8.869266
11.958958;8.891866
11.958958;8.89293
11.968472;8.894452
11.968472;8.894452
11.968472;8.908319
11.968472;8.914982
11.968472;8.915984
11.968472;8.926455
11.977985;8.926664
11.977985;8.929519
11.9875;8.932265
11.9875;8.960446
11.9875;8.963655
11.997014;8.964563
11.997014;8.969363
11.997014;8.973604
11.997014;8.982235
11.997014;9.001058
11.997014;9.007724
12.006528;9.011631
12.006528;9.021382
12.006528;9.032441
12.006528;9.0585
12.006528;9.059152
12.006528;9.061049
12.016042;9.068243
12.025557;9.082072
12.025557;9.083296
12.025557;9.08562
12.025557;9.10813
12.035069;9.111188
12.035069;9.113012
12.044583;9.120208
12.044583;9.136133
12.044583;9.153887
12.044583;9.174175
12.044583;9.178299
12.044583;9.200068
12.054097;9.21915
12.054097;9.229202
12.054097;9.235794
12.063611;9.241805
12.063611;9.243438
12.063611;9.245838
12.063611;9.251092
12.063611;9.253543
12.073126;9.293643
12.073126;9.298087
12.073126;9.30243
12.073126;9.313741
12.073126;9.338408
12.073126;9.339086
12.082639;9.345808
12.082639;9.3524
12.082639;9.354099
12.082639;9.360781
12.082639;9.375242
12.092153;9.382771
12.092153;9.397423
12.092153;9.400853
12.092153;9.404781
12.092153;9.416732
12.101666;9.418923
12.101666;9.419611
12.11118;9.427494
12.11118;9.431906
12.11118;9.432871
12.120695;9.440969
12.120695;9.470028
12.120695;9.471268
12.120695;9.477607
12.120695;9.477759
12.120695;9.478456
12.130208;9.483969
12.130208;9.498847
12.130208;9.502298
12.130208;9.515539
12.130208;9.52227
12.130208;9.533197
12.130208;9.536978
12.130208;9.555484
12.130208;9.558307
12.130208;9.559807
12.130208;9.586818
12.139723;9.593586
12.139723;9.597163
12.139723;9.597812
12.139723;9.609878
12.139723;9.612642
12.139723;9.61348
12.139723;9.617487
12.149236;9.618464
12.149236;9.619831
12.149236;9.636134
12.149236;9.652388
12.149236;9.662397
12.149236;9.665575
12.149236;9.67191
12.149236;9.673377
12.15875;9.677167
12.15875;9.689486
12.15875;9.702169
12.15875;9.70475
12.15875;9.714037
12.15875;9.716163
12.168264;9.716163
12.168264;9.716163
12.168264;9.716163
12.168264;9.716163
12.177777;9.716163
12.177777;9.716163
12.177777;9.716163
12.177777;9.716163
12.177777;9.716163
12.177777;9.722498
12.177777;9.723601
12.187292;9.724384
12.187292;9.727573
12.187292;9.73012
12.187292;9.732603
12.187292;9.735496
12.187292;9.752624
12.187292;9.758426
12.187292;9.761094
12.188449;9.76186
12.196805;9.765162
12.196805;9.775768
12.20632;9.780099
12.20632;9.827652
12.20632;9.828606
12.20632;9.839095
12.215834;9.850957
12.215834;9.852637
12.215834;9.873379
12.215834;9.874345
12.215834;9.880574
12.215834;9.899723
12.215834;9.91286
12.215834;9.915828
12.215834;9.917276
12.215834;9.920924
12.225347;9.927578
12.225347;9.929147
12.225347;9.932002
12.225347;9.940418
12.225347;9.943805
12.225347;9.948733
12.225347;9.969586
12.234861;9.974836
12.234861;9.987432
12.234861;9.997159
12.234861;10.015932
12.234861;10.018072
12.234861;10.033901
12.234861;10.042267
12.244374;10.062176
12.244374;10.069653
12.244374;10.096929
12.244374;10.098532
12.244374;10.103982
12.244374;10.116092
12.244374;10.133162
12.244374;10.1357
12.253889;10.142445
12.253889;10.162469
12.263403;10.163987
12.263403;10.178287
12.263403;10.18041
12.272916;10.182411
12.272916;10.184829
12.282431;10.188565
12.282431;10.195163
12.282431;10.195335
12.282431;10.202047
12.291945;10.219963
12.301458;10.220289
12.301458;10.221333
12.310972;10.237599
12.310972;10.24256
12.310972;10.271574
12.310972;10.281605
12.320486;10.283737
12.320486;10.292164
12.320486;10.303761
12.320486;10.306677
12.320486;10.327779
12.320486;10.330127
12.33;10.339323
12.33;10.339398
12.33;10.366433
12.33;10.387061
12.339515;10.395502
12.339515;10.395654
12.349028;10.399986
12.349028;10.417521
12.349028;10.418035
12.349028;10.423448
12.349028;10.440001
12.349028;10.441301
12.358541;10.458078
12.358541;10.459473
12.358541;10.463972
12.368055;10.470346
12.368055;10.488735
12.368055;10.491064
12.368055;10.504867
12.377569;10.505638
12.377569;10.511106
12.387084;10.511772
12.387084;10.512126
12.387084;10.514502
12.387084;10.519942
12.396597;10.537132
12.396597;10.537132
12.396597;10.537132
12.396597;10.537132
12.406112;10.537132
12.415625;10.537132
12.415625;10.537132
12.415625;10.537132
12.415625;10.537132
12.425138;10.538389
12.434653;10.5432
12.434653;10.546186
12.434653;10.561484
12.434653;10.563192
12.434653;10.572844
12.444166;10.579711
12.444166;10.601595
12.444166;10.608892
12.453681;10.633475
12.453681;10.645
12.453681;10.655245
12.453681;10.657438
12.453681;10.68196
12.453681;10.682846
12.463194;10.687507
12.463194;10.742102
12.463194;10.743608
12.472709;10.746901
12.472709;10.762386
12.472709;10.765414
12.472709;10.783175
12.472709;10.811838
12.482223;10.820193
12.482223;10.826224
12.491735;10.829393
12.491735;10.841541
12.491735;10.845758
12.491735;10.8488
12.50125;10.859772
12.50125;10.868236
12.50125;10.884791
12.50125;10.897004
12.50125;10.903479
12.510764;10.915839
12.510764;10.935596
12.510764;10.942534
12.510764;10.950601
12.520278;10.961224
12.520278;10.96274
12.520278;10.984408
12.529792;10.98826
12.529792;10.989507
12.529792;11.016001
12.529792;11.02376
12.530614;11.032514
12.539305;11.034294
12.539305;11.038284
12.54882;11.049963
12.54882;11.052499
12.54882;11.057498
12.558333;11.080009
12.558333;11.100235
12.558333;11.10823
12.558333;11.108731
12.567847;11.111052
12.567847;11.115079
12.567847;11.135446
12.567847;11.141322
12.577361;11.153771
12.577361;11.154299
12.577361;11.188526
12.586875;11.189057
12.596389;11.189586
12.596389;11.196083
12.596389;11.241742
12.596389;11.252031
12.596389;11.255666
12.615417;11.256186
12.615417;11.277422
12.615417;11.288309
12.615417;11.29081
12.62493;11.291755
12.62493;11.293769
12.62493;11.295773
12.62493;11.296059
12.62493;11.301272
12.634444;11.32028
12.634444;11.326847
12.634444;11.333312
12.634444;11.362911
12.634444;11.36313
12.634444;11.365957
12.643958;11.371726
12.643958;11.378143
12.643958;11.391664
12.643958;11.396139
12.653473;11.407413
12.653473;11.410524
12.653473;11.411038
12.662986;11.412582
12.672501;11.414809
12.672501;11.421911
12.672501;11.431251
12.682014;11.43849
12.682014;11.438746
12.682014;11.448077
12.691527;11.46315
12.701042;11.463268
12.701042;11.478116
12.701042;11.499131
12.701042;11.510177
12.710555;11.522397
12.710555;11.529989
12.710555;11.534432
12.72007;11.561862
12.72007;11.56424
12.72007;11.580312
12.729584;11.591397
12.729584;11.609113
12.729584;11.616184
12.739097;11.617341
12.739097;11.640941
12.739097;11.649735
12.748611;11.658914
12.748611;11.6819
12.748611;11.711477
12.748611;11.729505
12.767639;11.739137
12.786667;11.765016
12.786667;11.782612
12.786667;11.786933
12.786667;11.788831
12.786667;11.797652
12.786667;11.799799
12.786667;11.807699
12.796181;11.808406
12.805694;11.80933
12.805694;11.814711
12.805694;11.815393
12.815208;11.851515
12.815208;11.865913
12.824722;11.878001
12.824722;11.880209
12.824722;11.881423
12.834236;11.897281
12.84375;11.897802
12.84375;11.907755
12.84375;11.909542
12.853264;11.910295
12.853264;11.922882
12.853264;11.929444
12.853264;11.93043
12.853264;11.932939
12.862778;11.99194
12.862778;11.99524
12.872293;12.01118
12.881805;12.013927
12.881805;12.017426
12.881805;12.022457
12.881805;12.050843
12.900833;12.051991
12.900833;12.056637
12.900833;12.098225
12.900833;12.103654
12.910347;12.11507
12.910347;12.123451
12.919862;12.12953
12.919862;12.14115
12.929375;12.157113
12.929375;12.176786
12.938889;12.179245
12.938889;12.19261
12.948402;12.192977
12.957916;12.196587
12.957916;12.212049
12.957916;12.215446
12.957916;12.216249
12.967431;12.221416
12.967431;12.232881
12.976944;12.232945
12.986459;12.236847
12.986459;12.238518
12.995973;12.241737
13.005486;12.243398
13.015;12.245571
13.015;12.247528
13.024513;12.253299
13.024513;12.255228
13.024513;12.257174
13.024513;12.262601
13.024513;12.285453
13.034028;12.2886
13.043542;12.295835
13.043542;12.296151
13.043542;12.323135
13.043542;12.333257
13.053056;12.336991
13.053056;12.344019
13.06257;12.371509
13.06257;12.380891
13.06257;12.384288
13.06257;12.385127
13.072083;12.38577
13.072083;12.394758
13.072083;12.429126
13.072083;12.432385
13.072083;12.433393
13.072083;12.463293
13.072083;12.464417
13.072083;12.467257
13.072083;12.474334
13.081597;12.479018
13.081597;12.480241
13.081597;12.484668
13.081597;12.485606
13.091111;12.504716
13.091111;12.511465
13.091111;12.530746
13.091111;12.535513
13.100625;12.550023
13.100625;12.567569
13.100625;12.576419
13.100625;12.587244
13.119653;12.627536
13.119653;12.631588
13.129167;12.636307
13.131713;12.65455
13.148194;12.656543
13.148194;12.657481
13.157708;12.666175
13.157708;12.671445
13.157708;12.681179
13.159456;12.685285
13.167222;12.762044
13.167222;12.763309
13.176736;12.76726
13.176736;12.774935
13.176736;12.796764
13.176736;12.806464
13.186251;12.807837
13.195764;12.819732
13.195764;12.824144
13.205277;12.825883
13.224305;12.833852
13.224305;12.850296
13.224305;12.869789
13.224305;12.88021
13.23382;12.88137
13.23382;12.882896
13.243333;12.90077
13.243333;12.907456
13.262362;12.955429
13.262362;12.960595
13.271874;12.963299
13.271874;12.96979
13.271874;12.970935
13.271874;12.973412
13.281389;12.983156
13.290902;12.984053
13.300417;12.985153
13.300417;12.993163
13.300417;12.99366
13.300417;12.997815
13.300417;13.014347
13.300417;13.031131
13.319445;13.040223
13.328959;13.040735
13.328959;13.048507
13.347986;13.052975
13.367014;13.055419
13.376528;13.068233
13.395555;13.070251
13.405069;13.088616
13.405069;13.110346
13.405069;13.124131
13.405069;13.138884
13.409144;13.142483
13.424097;13.162736
13.433611;13.164259
13.443125;13.199709
13.443125;13.212586
13.443125;13.234062
13.443125;13.266408
13.45264;13.272595
13.45264;13.277663
13.455382;13.278578
13.471666;13.287491
13.471666;13.29019
13.471666;13.309633
13.481181;13.309882
13.481181;13.320572
13.490694;13.338675
13.490694;13.338877
13.490694;13.345254
13.509722;13.352487
13.509722;13.367185
13.509722;13.367606
13.519237;13.371434
13.557291;13.374765
13.557291;13.375733
13.566806;13.391384
13.57632;13.392528
13.584849;13.407558
13.595347;13.408611
13.595347;13.40863
13.60486;13.413959
13.60486;13.415993
13.60486;13.453392
13.60486;13.457973
13.60486;13.466579
13.614375;13.480934
13.623889;13.488387
13.623889;13.496227
13.633403;13.496338
13.633403;13.497658
13.642917;13.511789
13.661944;13.520035
13.661944;13.521822
13.661944;13.52863
13.671458;13.540977
13.671458;13.545957
13.671458;13.551989
13.680972;13.560382
13.680972;13.563713
13.680972;13.581834
13.680972;13.58482
13.680972;13.644809
13.690486;13.645622
13.690486;13.654861
13.690486;13.656106
13.690486;13.666616
13.690486;13.684073
13.700001;13.691504
13.700001;13.703573
13.700001;13.704589
13.700001;13.71494
13.719028;13.739103
13.732813;13.756955
13.732813;13.762581
13.738055;13.768096
13.738055;13.776259
13.738055;13.782623
13.738055;13.794413
13.738055;13.798251
13.738055;13.813399
13.74757;13.813399
13.757083;13.813399
13.766598;13.835455
13.776111;13.860946
13.776111;13.871526
13.795139;13.872332
13.804652;13.897326
13.804652;13.899463
13.814167;13.909989
13.814167;13.919624
13.833195;13.957078
13.833195;13.967685
13.833195;13.969742
13.834538;13.977459
13.842709;13.983625
13.861736;13.984303
13.880764;13.990677
13.880764;13.994254
13.890278;14.002801
13.899792;14.027619
13.909306;14.02995
13.937847;14.044051
13.947361;14.066666
13.947361;14.078541
13.956875;14.089175
13.975903;14.09383
13.975903;14.121102
14.000996;14.150454
14.004444;14.178642
14.0425;14.179528
14.052013;14.180254
14.052013;14.182407
14.061528;14.206565
14.061528;14.215902
14.071041;14.217234
14.071041;14.223008
14.080556;14.231652
14.080556;14.238381
14.080556;14.254354
14.080556;14.25485
14.099584;14.283318
14.109097;14.289198
14.109097;14.292361
14.128125;14.332109
14.137638;14.357378
14.147153;14.37441
14.156667;14.394819
14.156667;14.399689
14.175694;14.461565
14.175694;14.486406
14.185209;14.506118
14.194722;14.50837
14.204236;14.512785
14.21375;14.519672
14.223264;14.519887
14.251806;14.526188
14.259931;14.535763
14.270833;14.542755
14.270833;14.56519
14.280348;14.644219
14.280348;14.671101
14.289861;14.682473
14.289861;14.686937
14.327917;14.691658
14.33743;14.692586
14.33743;14.70609
14.33743;14.708159
14.365973;14.72003
14.365973;14.724292
14.365973;14.745857
14.43257;14.754636
14.451598;14.786501
14.461111;14.789598
14.461111;14.815575
14.470625;14.834255
14.480139;14.839376
14.499167;14.839679
14.50868;14.862157
14.50868;14.865874
14.518194;14.873855
14.537222;14.87954
14.546737;14.881487
14.575277;14.890936
14.575277;14.905998
14.584791;14.908129
14.603819;14.910363
14.641875;14.924222
14.641875;14.938367
14.651388;14.947735
14.651388;14.948841
14.7275;14.961637
14.7275;14.979898
14.737014;14.985259
14.746528;14.991317
14.746528;15.008291
14.746528;15.009146
14.746528;15.015424
14.765556;15.023753
14.775069;15.027555
14.775069;15.043351
14.784583;15.044645
14.822639;15.062096
14.822639;15.091624
14.822639;15.110312
14.822639;15.148491
14.832153;15.174924
14.889236;15.183352
14.89875;15.185879
14.89875;15.199588
14.917777;15.211758
14.925763;15.284393
14.936806;15.28842
14.94426;15.289103
15.01824;15.319693
15.02243;15.320831
15.060486;15.382495
15.060486;15.393727
15.064479;15.398329
15.07;15.41506
15.079515;15.428729
15.089027;15.441668
15.108056;15.44589
15.127084;15.44703
15.166203;15.44703
15.193681;15.4717
15.203195;15.479034
15.212708;15.479302
15.222222;15.498772
15.222222;15.522192
15.260278;15.523166
15.298334;15.53214
15.336389;15.547768
15.336389;15.582341
15.355416;15.582829
15.364931;15.590421
15.364931;15.614872
15.393473;15.622612
15.422014;15.642104
15.422014;15.649998
15.431527;15.651545
15.431527;15.652561
15.469584;15.678445
15.488611;15.688482
15.498124;15.692685
15.517153;15.724966
15.545694;15.727535
15.564723;15.751974
15.574236;15.764462
15.582349;15.768683
15.612292;15.777014
15.612292;15.79473
15.650347;15.804168
15.650347;15.807291
15.659862;15.822556
15.684073;15.838837
15.702569;15.85996
15.707431;15.862491
15.716944;15.865763
15.726459;15.879493
15.748807;15.882557
15.755;15.897638
15.793056;15.950673
15.813542;15.958109
15.821597;15.978688
15.859653;15.993728
15.859653;16.001179
15.859653;16.029871
15.888194;16.044647
15.897708;16.10499
15.897708;16.168976
15.916736;16.170031
15.92625;16.181753
15.92625;16.185045
15.92625;16.188152
15.97382;16.197916
16.011875;16.217573
16.021389;16.233908
16.040417;16.243366
16.040417;16.263012
16.059444;16.273695
16.068958;16.294626
16.126041;16.322504
16.135555;16.329935
16.154583;16.387503
16.183125;16.43071
16.230694;16.441401
16.240208;16.460175
16.259235;16.47957
16.259235;16.492128
16.259235;16.503756
16.259235;16.50861
16.259235;16.519339
16.268751;16.520689
16.278263;16.524374
16.278263;16.584957
16.297293;16.59939
16.386898;16.603245
16.392431;16.610382
16.392431;16.63162
16.401945;16.643085
16.440001;16.64344
16.459028;16.65695
16.478056;16.662865
16.516111;16.690907
16.544653;16.701714
16.573195;16.754229
16.592222;16.759998
16.601736;16.789799
16.639791;16.816706
16.649305;16.826612
16.649305;16.832483
16.673576;16.838049
16.677847;16.875969
16.715902;16.876808
16.715902;16.885208
16.725416;16.88636
16.756805;16.889177
16.763472;16.892294
16.801529;16.893991
16.820555;16.9097
16.820555;16.919268
16.821539;16.921425
16.830788;16.939968
16.839582;16.946207
16.877026;16.949785
16.906179;16.951504
16.915695;16.974531
16.925209;16.987053
16.934723;17.000896
16.972778;17.008739
17.029861;17.016071
17.029861;17.028477
17.086945;17.06534
17.105972;17.100061
17.115486;17.101015
17.125;17.134403
17.144028;17.134621
17.153542;17.150948
17.163055;17.171707
17.163055;17.208033
17.182083;17.217035
17.191597;17.226078
17.210625;17.232565
17.24868;17.258554
17.256182;17.263769
17.258194;17.27557
17.293171;17.323456
17.296249;17.323887
17.305763;17.331923
17.315279;17.336056
17.324791;17.39098
17.343819;17.442793
17.343819;17.443106
17.353333;17.467817
17.391388;17.4741
17.400902;17.491468
17.438957;17.502941
17.448473;17.563135
17.448473;17.563414
17.457987;17.567217
17.478125;17.613628
17.496042;17.675547
17.505556;17.677807
17.533611;17.677946
17.534098;17.68767
17.543612;17.68767
17.543612;17.708838
17.543612;17.744762
17.553125;17.809528
17.553125;17.818851
17.572153;17.820484
17.63875;17.845161
17.657778;17.861057
17.663078;17.88763
17.667292;17.892063
17.667292;17.906313
17.667292;17.91514
17.686319;17.929701
17.752916;17.961252
17.76243;17.971418
17.781458;17.975426
17.792547;17.977367
17.800488;17.987045
17.809999;18.00123
17.819513;18.025681
17.838541;18.040571
17.88611;18.055498
17.924166;18.062584
17.943195;18.062584
17.943195;18.062584
17.990765;18.066311
17.990765;18.086199
17.990765;18.11656
18.000277;18.153252
18.000277;18.181242
18.009792;18.186729
18.032986;18.19574
18.038334;18.269011
18.066875;18.273403
18.085903;18.293524
18.116215;18.318018
18.123959;18.327099
18.162453;18.335735
18.200069;18.423681
18.257153;18.441936
18.257153;18.441936
18.295208;18.473068
18.301168;18.477249
18.314236;18.479918
18.32375;18.484516
18.352291;18.485346
18.361805;18.494333
18.380835;18.538607
18.384399;18.540716
18.39986;18.553009
18.428404;18.565851
18.466457;18.578579
18.475973;18.579849
18.475973;18.581146
18.485485;18.595411
18.504515;18.606787
18.504618;18.610861
18.523542;18.647285
18.523542;18.650408
18.54257;18.702217
18.552084;18.71287
18.580624;18.722942
18.590139;18.75864
18.615591;18.764238
18.704306;18.770887
18.732847;18.773027
18.742361;18.805933
18.761389;18.816732
18.78993;18.939314
18.818472;18.951395
18.81904;18.973219
18.81904;18.974527
18.827986;19.001167
18.875555;19.025953
18.904097;19.037947
18.904097;19.048864
18.923124;19.069546
18.932638;19.102867
19.018263;19.103764
19.018263;19.178333
19.046806;19.214016
19.065832;19.229681
19.068727;19.237356
19.103888;19.238041
19.103888;19.246315
19.113403;19.26412
19.122917;19.315582
19.122917;19.326397
19.132429;19.343973
19.132429;19.35886
19.132429;19.363684
19.160971;19.370283
19.170486;19.382435
19.189514;19.387014
19.227568;19.393538
19.227568;19.42411
19.237083;19.430761
19.262928;19.475109
19.265625;19.475338
19.299917;19.543837
19.322708;19.563622
19.360765;19.563677
19.370277;19.571781
19.417847;19.580093
19.446388;19.581078
19.447882;19.592188
19.447882;19.606768
19.484446;19.610804
19.493959;19.626272
19.512987;19.640701
19.570068;19.646961
19.608126;19.666889
19.608126;19.679802
19.627151;19.698624
19.627151;19.706438
19.627151;19.712635
19.665207;19.724331
19.674723;19.744833
19.684237;19.749725
19.693748;19.753546
19.693748;19.759708
19.703264;19.764807
19.703264;19.800892
19.725311;19.818691
19.731804;19.854481
19.73456;19.86001
19.750834;19.88294
19.753056;19.901411
19.760345;19.905832
19.779375;19.917669
19.807917;19.918421
19.80854;20.004009
19.845972;20.019167
19.884027;20.038134
19.893543;20.044512
19.919514;20.073441
19.950624;20.092857
19.96014;20.117004
19.969652;20.147665
19.979166;20.163767
19.979166;20.164728
19.998194;20.169153
20.007708;20.172915
20.017223;20.183151
20.021238;20.218027
20.045765;20.26194
20.08382;20.27268
20.102846;20.274317
20.140903;20.281397
20.169443;20.317814
20.226526;20.330931
20.226526;20.347006
20.226526;20.355341
20.226526;20.375555
20.236042;20.377726
20.236042;20.389425
20.245556;20.405884
20.25507;20.422642
20.261679;20.457365
20.274097;20.47312
20.293123;20.493675
20.312153;20.504829
20.321667;20.510406
20.340694;20.523228
20.340694;20.523943
20.369236;20.568951
20.397778;20.576473
20.407291;20.584986
20.416805;20.604959
20.428137;20.654348
20.445347;20.65753
20.464375;20.66995
20.52146;20.673159
20.52146;20.673361
20.569027;20.701914
20.578543;20.721725
20.578543;20.757618
20.597569;20.771177
20.607082;20.812208
20.64514;20.816929
20.711737;20.82666
20.730762;20.851809
20.76882;20.862408
20.778334;20.865421
20.806875;20.867777
20.806875;20.897438
20.873472;20.911625
20.911528;20.953604
20.930555;20.989882
21.082779;21.00054
21.092291;21.031355
21.11132;21.050577
21.120834;21.076952
21.13986;21.08353
21.149376;21.10145
21.177917;21.125324
21.187431;21.130472
21.215973;21.136892
21.241932;21.150011
21.301598;21.150818
21.311111;21.160971
21.330139;21.164162
21.330139;21.176155
21.362152;21.176937
21.377708;21.185125
21.377708;21.18919
21.38722;21.216457
21.40625;21.23752
21.42528;21.251709
21.444305;21.253134
21.463333;21.265888
21.472847;21.273357
21.482361;21.273865
21.491875;21.299538
21.510902;21.299677
21.510902;21.363813
21.519363;21.387266
21.520418;21.433331
21.52993;21.436991
21.606041;21.440294
21.644098;21.451492
21.710695;21.478882
21.739237;21.48126
21.796318;21.48674
21.82486;21.487141
21.853401;21.510988
21.853401;21.512274
21.853401;21.543844
21.870775;21.548029
21.958055;21.553806
21.967569;21.554676
21.967569;21.5898
21.977083;21.604017
21.996111;21.633537
22.015139;21.638102
22.024652;21.647919
22.034166;21.649576
22.100763;21.660627
22.110277;21.669455
22.119793;21.686174
22.129305;21.725525
22.148207;21.749701
22.176876;21.768038
22.18639;21.795155
22.224443;21.799198
22.243473;21.812298
22.29104;21.813898
22.300556;21.816103
22.319582;21.825567
22.319582;21.829554
22.329096;21.833727
22.329096;21.83794
22.329096;21.859303
22.338612;21.86377
22.386179;21.864635
22.405209;21.913122
22.424236;21.922127
22.43375;21.950974
22.43375;21.964128
22.443264;21.966669
22.462292;21.971338
22.490833;21.977459
22.500347;22.000652
22.509861;22.00486
22.519377;22.008266
22.55743;22.012188
22.662083;22.016737
22.671597;22.022774
22.690624;22.023951
22.719168;22.048847
22.72868;22.057964
22.749306;22.057964
22.757221;22.057964
22.804792;22.057964
22.823286;22.070375
22.899931;22.092119
22.909445;22.122013
22.918957;22.14209
22.937986;22.202608
22.971251;22.207205
22.989746;22.224045
23.004583;22.291296
23.014097;22.299862
23.023611;22.308056
23.033125;22.357672
23.042639;22.360157
23.052155;22.368906
23.052155;22.370337
23.052155;22.406403
23.109236;22.428915
23.118752;22.441307
23.128263;22.443384
23.146955;22.45076
23.204374;22.464201
23.239433;22.482391
23.242432;22.502663
23.242432;22.539173
23.33757;22.539709
23.33757;22.548288
23.366112;22.563046
23.375626;22.572289
23.404167;22.599756
23.489792;22.617105
23.489792;22.642372
23.50882;22.649151
23.518332;22.656145
23.518332;22.664902
23.546875;22.676151
23.556389;22.696304
23.556389;22.755306
23.565903;22.756491
23.584932;22.772354
23.603958;22.80361
23.613474;22.810524
23.627836;22.835794
23.6325;22.859659
23.680071;22.880486
23.727638;22.894897
23.727638;22.911377
23.765694;22.956867
23.784721;22.964582
23.832293;22.983011
23.870348;22.984758
23.908403;22.989584
23.942257;23.003731
23.955971;23.011909
23.975;23.058678
23.975;23.05934
23.984512;23.086123
23.984512;23.151041
24.013056;23.166176
24.060625;23.18434
24.060625;23.19055
24.079651;23.192869
24.089167;23.208418
24.09868;23.235994
24.108194;23.239824
24.117708;23.246027
24.127222;23.269266
24.127222;23.269999
24.136736;23.277477
24.165277;23.296894
24.231874;23.344954
24.231874;23.344954
24.231874;23.344954
24.231874;23.351625
24.247431;23.367111
24.336529;23.401316
24.355555;23.424648
24.376898;23.466145
24.386147;23.525223
24.41264;23.556046
24.450693;23.573763
24.450693;23.582823
24.460209;23.619617
24.460209;23.624907
24.469723;23.639677
24.497118;23.681129
24.51729;23.692959
24.526806;23.71666
24.545832;23.736712
24.555347;23.743986
24.561852;23.750519
24.593403;23.783117
24.612429;23.783117
24.621944;23.784573
24.631458;23.795574
24.640972;23.799147
24.645081;23.816721
24.707569;23.86725
24.717083;23.868824
24.745626;23.878159
24.755138;23.898687
24.764652;23.930605
24.774168;23.963856
24.774168;23.972921
24.78368;24.025023
24.793194;24.031027
24.821735;24.036097
24.859791;24.067263
24.869307;24.124962
24.87882;24.134968
24.87882;24.174089
24.935904;24.204014
24.964445;24.204624
24.987244;24.235292
24.992987;24.252644
25.002501;24.253016
25.012012;24.259359
25.040556;24.266779
25.050068;24.297342
25.050068;24.319736
25.126181;24.332033
25.126181;24.355677
25.135695;24.35881
25.145206;24.366087
25.145206;24.369238
25.190695;24.385908
25.192778;24.401695
25.202291;24.423574
25.218437;24.470285
25.221319;24.482859
25.230833;24.48999
25.249861;24.512972
25.268888;24.519094
25.287916;24.528042
25.287916;24.529581
25.29743;24.538563
25.306946;24.614529
25.306946;24.632204
25.345001;24.634308
25.354513;24.641363
25.357153;24.641598
25.383055;24.673264
25.402084;24.673264
25.42111;24.679558
25.44014;24.683804
25.478193;24.715485
25.478193;24.744663
25.506737;24.748444
25.54479;24.8064
25.582846;24.821508
25.611387;24.866137
25.620903;24.873384
25.620903;24.900427
25.639931;24.907881
25.658958;24.909708
25.668472;24.920338
25.668472;24.949862
25.706528;24.954178
25.716042;24.993214
25.744585;25.017054
25.763611;25.044249
25.763611;25.053381
25.811182;25.068609
25.811182;25.096193
25.820694;25.125263
25.830208;25.125263
25.849236;25.125263
25.868265;25.125263
25.868265;25.125263
25.868265;25.125263
25.915833;25.125263
25.944374;25.138935
25.953888;25.140137
25.958252;25.151987
25.991945;25.152372
26.001459;25.164745
26.039515;25.192736
26.068056;25.197792
26.087084;25.217346
26.106112;25.234278
26.106112;25.239414
26.106112;25.267962
26.125139;25.277763
26.125139;25.278057
26.125139;25.3057
26.134653;25.306723
26.163195;25.343231
26.172709;25.350204
26.191736;25.360819
26.210766;25.37483
26.220278;25.400457
26.220278;25.406195
26.258333;25.42655
26.267847;25.43882
26.277363;25.454105
26.277363;25.462141
26.315416;25.477631
26.362986;25.516916
26.372501;25.522905
26.382013;25.530333
26.391527;25.571623
26.410555;25.581902
26.477152;25.648973
26.496181;25.660673
26.496181;25.66894
26.505695;25.689615
26.553263;25.703806
26.562778;25.762943
26.572292;25.827274
26.572292;25.830956
26.610346;25.847923
26.610346;25.885775
26.619862;25.960896
26.638889;25.986397
26.648403;26.025698
26.657917;26.043192
26.686459;26.043192
26.695972;26.048548
26.695972;26.08106
26.715;26.083517
26.715;26.095394
26.724514;26.118876
26.734028;26.1402
26.743544;26.169672
26.753056;26.181938
26.781597;26.200373
26.781597;26.238302
26.791111;26.284697
26.800625;26.286175
26.838682;26.289085
26.867222;26.370743
26.910765;26.397957
26.914791;26.436928
26.933821;26.454588
26.952847;26.455715
26.962362;26.464954
27.019444;26.471983
27.076527;26.472368
27.10507;26.481913
27.114582;26.491665
27.133612;26.550518
27.152639;26.599728
27.162153;26.623224
27.200209;26.631058
27.238262;26.647129
27.247778;26.702335
27.27632;26.725037
27.27632;26.730539
27.27632;26.740097
27.295347;26.741369
27.304859;26.770813
27.314375;26.788752
27.380972;26.807034
27.390486;26.807034
27.447569;26.825872
27.447569;26.837063
27.447569;26.852322
27.457083;26.890078
27.466599;26.923475
27.485624;26.954571
27.514166;26.974867
27.52368;26.987637
27.533195;27.046814
27.542707;27.051163
27.548855;27.076019
27.61882;27.12059
27.61882;27.12319
27.656876;27.129066
27.666389;27.152372
27.675901;27.154987
27.694931;27.180593
27.694931;27.232851
27.704443;27.237583
27.761528;27.240536
27.77104;27.24684
27.780556;27.247469
27.837641;27.256275
27.856667;27.287285
27.885208;27.307604
27.904238;27.3134
27.91375;27.333229
27.918762;27.356821
27.932779;27.381443
27.942291;27.45503
27.951805;27.489662
27.965;27.493341
27.980347;27.503788
28.027918;27.564383
28.027918;27.604431
28.056458;27.619265
28.066725;27.649405
28.075485;27.697149
28.084999;27.804361
28.104027;27.853657
28.170624;27.868435
28.177696;27.897854
28.180138;27.934999
28.189653;27.944754
28.196192;27.97908
28.199167;27.981422
28.208679;28.015873
28.265764;28.027981
28.275276;28.119322
28.313334;28.18915
28.332361;28.22644
28.341875;28.256668
28.360903;28.25922
28.370419;28.300049
28.417986;28.305782
28.417986;28.346046
28.465557;28.348255
28.503613;28.35639
28.513124;28.361273
28.522638;28.412546
28.532154;28.419685
28.532154;28.42025
28.532154;28.420313
28.541666;28.456102
28.589237;28.466217
28.589237;28.49152
28.598751;28.506779
28.598751;28.509523
28.608263;28.601276
28.627293;28.604883
28.636805;28.621614
28.665348;28.624582
28.665348;28.651901
28.69389;28.669687
28.703402;28.686359
28.712915;28.686821
28.722431;28.689575
28.722431;28.698494
28.741457;28.737309
28.769999;28.743519
28.779514;28.746136
28.789028;28.830128
28.827084;28.846308
28.855625;28.848404
28.865139;28.877195
28.903196;28.909075
28.903196;28.909075
28.903196;28.912218
28.922222;28.94047
28.931736;28.94508
28.94125;28.958897
28.950764;29.008234
28.950764;29.054213
28.969793;29.059834
28.988819;29.095844
28.998335;29.136732
29.007847;29.156879
29.045902;29.182285
29.074444;29.226149
29.093473;29.229015
29.141041;29.251699
29.179096;29.265387
29.226667;29.403177
29.283751;29.450541
29.302776;29.48625
29.33132;29.594442
29.340834;29.626135
29.378889;29.656046
29.407431;29.81543
29.407431;29.839844
29.416945;29.852915
29.416945;29.902012
29.455;29.967924
29.493055;29.98308
29.550138;30.007444
29.550138;30.031458
29.569166;30.138199
29.569166;30.144403
29.607222;30.203382
29.607222;30.211399
29.607222;30.225679
29.607222;30.23266
29.645277;30.254271
29.675823;30.390984
29.683332;30.405584
29.692848;30.513943
29.711874;30.698893
29.730904;30.734968
29.730904;30.744598
29.749931;30.746584
29.768957;30.753315
29.835554;30.76199
29.84507;30.771971
29.892639;30.787992
29.892639;30.793612
29.930693;30.800076
29.953253;30.801746
29.959236;30.833355
29.980997;30.83626
30.016319;30.846279
30.054375;30.858534
30.054375;30.908026
30.082916;30.913906
30.082916;30.9189
30.120972;30.9907
30.130487;31.036743
30.138206;31.060568
30.168541;31.172287
30.187571;31.192446
30.187571;31.224279
30.244652;31.280468
30.263681;31.282927
30.282709;31.34079
30.320765;31.349968
30.330276;31.352558
30.33979;31.364967
30.349306;31.376625
30.35882;31.379271
30.369398;31.417166
30.387362;31.491726
30.415903;31.523493
30.415903;31.560209
30.425417;31.576454
30.434929;31.57972
30.444445;31.59623
30.472986;31.629591
30.4825;31.752699
30.511042;31.771757
30.511042;31.875711
30.530071;31.888176
30.615694;31.944838
30.691807;31.944838
30.710833;31.975805
30.758404;32.039337
30.77743;32.126186
30.825001;32.140747
30.863054;32.243443
30.882084;32.270569
30.90111;32.273911
30.948681;32.274025
30.958195;32.30265
30.996248;32.337566
31.024792;32.363575
31.034306;32.377041
31.043819;32.388985
31.053333;32.389938
31.072361;32.394016
31.081875;32.444363
31.127708;32.444363
31.148472;32.452717
31.148472;32.467472
31.1675;32.536179
31.186529;32.552963
31.224585;32.564522
31.224585;32.571632
31.234097;32.572918
31.234097;32.57436
31.234097;32.582066
31.24361;32.587608
31.253126;32.608555
31.262638;32.670494
31.262638;32.684616
31.262638;32.694702
31.291182;32.713955
31.319723;32.725597
31.386644;32.744923
31.443403;32.793991
31.462429;32.904243
31.519514;32.904861
31.534607;32.925556
31.538542;32.960194
31.55757;33.034512
31.567083;33.057774
31.586111;33.079231
31.614653;33.102341
31.614653;33.13055
31.624166;33.160591
31.700277;33.226227
31.719307;33.279015
31.757362;33.328228
31.80493;33.40287
31.80493;33.412971
31.814445;33.469101
31.852501;33.474865
31.852501;33.52512
31.852501;33.558605
31.852501;33.579323
31.862013;33.583347
31.862013;33.599987
31.881042;33.634441
31.900068;33.649139
31.909584;33.659225
31.985695;33.688423
32.02375;33.803879
32.042778;33.83683
32.090347;33.918324
32.109375;33.919697
32.109375;33.931122
32.109375;33.945812
32.14743;33.961468
32.175972;33.99181
32.204514;34.064156
32.233055;34.064156
32.280624;34.064156
32.290138;34.079811
32.356735;34.152901
32.366249;34.243259
32.366249;34.280163
32.385277;34.286537
32.385277;34.33556
32.422386;34.343189
32.432846;34.344124
32.442364;34.345322
32.489929;34.368015
32.547012;34.368034
32.585068;34.426842
32.613609;34.427986
32.727779;34.431255
32.756321;34.431683
32.784863;34.490269
32.832432;34.54229
32.841942;34.556118
32.860973;34.5788
32.918056;34.606018
32.965626;34.606018
32.965626;34.606018
32.984653;34.696907
32.984653;34.825451
33.022709;34.852848
33.05125;34.853317
33.060764;34.918907
33.127361;34.938519
33.134457;34.943855
33.203472;35.027683
33.279583;35.046585
33.298611;35.053375
33.308125;35.072502
33.336666;35.10865
33.384235;35.157211
33.441322;35.181915
33.460346;35.193554
33.488888;35.231091
33.517429;35.264706
33.517429;35.286472
33.622082;35.386322
33.641109;35.425472
33.650623;35.461853
33.660141;35.536751
33.679165;35.561394
33.698566;35.583485
33.736252;35.651527
33.736252;35.665398
33.75528;35.704227
33.783821;35.705467
33.812359;35.7925
33.812359;35.853935
33.821877;35.927704
33.917015;35.937531
33.964584;35.94532
34.002636;35.960953
34.040695;36.012074
34.040695;36.022072
34.050209;36.032978
34.059723;36.103085
34.107292;36.234119
34.154861;36.260593
34.164375;36.294029
34.307083;36.324181
34.335625;36.333405
34.345139;36.380905
34.345139;36.428623
34.345901;36.448349
34.37368;36.4562
34.402222;36.465641
34.421249;36.476665
34.430763;36.481125
34.440277;36.522285
34.468819;36.53355
34.602016;36.63628
34.630558;36.663208
34.659096;36.667053
34.706665;36.692223
34.773262;36.716747
34.849377;36.770882
34.868401;36.779362
34.906456;36.811481
34.915974;36.841599
34.934998;36.904266
34.934998;37.066952
35.011112;37.079109
35.049168;37.085377
35.058681;37.208965
35.106251;37.217342
35.134792;37.237957
35.15382;37.279461
35.287014;37.321495
35.334583;37.336521
35.334583;37.348988
35.334583;37.349693
35.372639;37.368187
35.372639;37.387928
35.382153;37.387928
35.391666;37.387936
35.391666;37.391548
35.477291;37.421898
35.483368;37.443832
35.52486;37.480839
35.52486;37.512657
35.543888;37.541386
35.610485;37.568069
35.64854;37.573612
35.658054;37.573986
35.724655;37.599995
35.743679;37.607578
35.753193;37.608936
35.800762;37.613132
35.819794;37.616657
35.829308;37.618015
35.857849;37.623333
35.867359;37.676594
35.895905;37.685265
36.105209;37.69643
36.133751;37.713821
36.143265;37.714729
36.143265;37.747272
36.200348;37.807903
36.209862;37.833801
36.238403;37.841259
36.257431;37.873543
36.266945;37.926273
36.276459;37.933346
36.276459;37.95713
36.343056;37.958908
36.390625;37.974651
36.447708;38.029659
36.47625;38.060078
36.495277;38.063171
36.514305;38.076084
36.533333;38.191208
36.561874;38.220341
36.580902;38.333069
36.609444;38.396778
36.741055;38.421387
36.790211;38.444183
36.790211;38.511814
36.837776;38.512131
36.866318;38.534782
36.894863;38.53751
36.932915;38.720371
36.980488;38.725182
37.009029;38.728752
37.028053;38.730991
37.037567;38.754681
37.075626;38.756893
37.09465;38.810932
37.113682;38.864391
37.113682;38.939911
37.13271;38.952103
37.151737;38.957779
37.199306;38.961246
37.20882;39.040165
37.227848;39.04636
37.246876;39.098011
37.246876;39.1073
37.284931;39.115543
37.305161;39.115543
37.389584;39.153336
37.399097;39.156105
37.465694;39.164284
37.484722;39.213951
37.494236;39.218616
37.541805;39.297367
37.570347;39.298286
37.582592;39.37233
37.610336;39.411068
37.703541;39.429516
37.713055;39.431194
37.836735;39.477345
37.836735;39.504944
37.912846;39.521248
37.912846;39.542496
37.922363;39.65752
37.943253;39.666351
37.960415;39.701214
38.027012;39.720932
38.063473;39.723667
38.093613;39.726711
38.122154;39.771164
38.150696;39.771263
38.16021;39.816235
38.226807;39.867672
38.229927;39.88562
38.274372;39.907921
38.28389;39.91909
38.28389;40.070072
38.312431;40.101822
38.340973;40.247391
38.436111;40.291801
38.493195;40.291801
38.53125;40.306633
38.540764;40.316662
38.616875;40.414963
38.673958;40.449657
38.683472;40.456787
38.683472;40.456787
38.692986;40.483463
38.702499;40.598732
38.816666;40.713844
38.835693;40.715862
38.921322;40.740585
38.940346;40.78075
38.968891;40.812431
39.006943;40.841022
39.045002;40.855499
39.083054;40.887314
39.111599;40.911438
39.130623;40.940067
39.18771;40.95248
39.244793;40.973289
39.244793;41.028423
39.330414;41.073803
39.377987;41.126751
39.425556;41.143963
39.46912;41.221592
39.473125;41.2813
39.473125;41.308121
39.473125;41.349216
39.482639;41.465252
39.511181;41.487759
39.520691;41.521965
39.524609;41.533485
39.539722;41.593445
39.606319;41.605984
39.672916;41.610317
39.701458;41.669533
39.80611;41.681293
39.825138;41.684593
39.92028;41.830151
39.996387;41.848465
40.005901;42.008572
40.015415;42.012798
40.101044;42.014771
40.110558;42.05407
40.129581;42.067413
40.148609;42.116642
40.148609;42.12804
40.190441;42.16399
40.224724;42.219559
40.243752;42.222939
40.329372;42.231998
40.367432;42.266087
40.376945;42.276241
40.386456;42.293964
40.424515;42.331715
40.434029;42.407616
40.491112;42.408928
40.529167;42.446281
40.529167;42.600101
40.538681;42.619946
40.538681;42.67474
40.548195;42.68454
40.586246;42.687492
40.662361;42.703491
40.662361;42.703491
40.738472;42.703491
40.874771;42.757233
40.976322;42.852097
41.033405;42.960285
41.042919;43.059761
41.052429;43.087704
41.138054;43.10725
41.157085;43.215199
41.157085;43.314774
41.176113;43.318794
41.195137;43.318794
41.204651;43.354431
41.204651;43.37825
41.328331;43.38966
41.36639;43.461269
41.375904;43.487614
41.452011;43.605251
41.471043;43.628319
41.480556;43.649529
41.509098;43.726574
41.556667;43.776257
41.651802;43.887402
41.670834;43.936783
41.699375;43.937065
41.718407;43.939068
41.718407;43.939068
41.727917;43.939068
41.899166;43.939068
41.910511;43.951675
41.984791;43.960114
42.032364;43.968845
42.051388;44.045452
42.108475;44.140308
42.108475;44.191593
42.150951;44.208206
42.184582;44.27285
42.222641;44.273327
42.22493;44.295547
42.270206;44.348934
42.298752;44.390724
42.346321;44.400566
42.365349;44.446968
42.365349;44.455383
42.4034;44.459614
42.44146;44.463169
42.489029;44.564323
42.498543;44.564323
42.498543;44.709965
42.508057;44.717659
42.555626;44.762329
42.574654;44.771587
42.574654;44.796169
42.622223;44.822128
42.650326;44.862679
42.679306;44.898548
42.679306;44.916073
42.726875;44.923019
42.755417;44.961128
42.774441;44.963203
42.831528;45.003075
42.841038;45.073296
42.917152;45.081341
42.993263;45.194569
43.002777;45.194569
43.012291;45.254105
43.05986;45.32476
43.078888;45.393631
43.078888;45.425095
43.164516;45.440544
43.164516;45.467636
43.164516;45.657131
43.17403;45.66584
43.17403;45.690914
43.231113;45.698532
43.354794;45.787479
43.364307;45.796978
43.392845;45.805702
43.402359;45.82983
43.430904;45.82983
43.468956;45.82983
43.478474;45.850708
43.516525;45.874454
43.649719;45.914108
43.725834;46.115837
43.744862;46.144054
43.887569;46.204659
43.897083;46.277111
43.925625;46.307938
43.944653;46.389587
44.020763;46.417027
44.020763;46.418224
44.058819;46.433983
44.068333;46.450771
44.182499;46.454494
44.192013;46.470081
44.222431;46.48838
44.249096;46.493988
44.249096;46.496471
44.306183;46.584709
44.353752;46.707417
44.429863;46.732254
44.429863;46.775097
44.448887;46.80991
44.486946;47.008419
44.563057;47.028038
44.62014;47.037777
44.658192;47.074444
44.696251;47.077579
44.696251;47.115349
44.772358;47.129169
44.896042;47.279278
44.99118;47.312244
45.029236;47.369545
45.029236;47.451656
45.086319;47.462185
45.119457;47.554432
45.257568;47.592091
45.362225;47.632858
45.400276;47.686626
45.419308;47.76564
45.476391;47.792133
45.542988;47.822559
45.562016;47.90284
45.638123;47.93652
45.65715;48.003857
45.70472;48.067921
45.761806;48.09026
45.799862;48.169384
45.81889;48.213135
45.914028;48.255123
45.914028;48.319515
45.923542;48.418549
45.961597;48.420967
45.971107;48.427444
45.999653;48.427444
46.047222;48.439991
46.113819;48.4944
46.199444;48.567425
46.247013;48.622036
46.256527;48.677914
46.266041;48.71777
46.3041;48.961887
46.370697;49.081333
46.478867;49.081333
46.484863;49.101219
46.506607;49.119858
46.541946;49.222443
46.560974;49.25642
46.560974;49.264751
46.599026;49.325874
46.608543;49.361732
46.618057;49.55883
46.732224;49.57814
46.751251;49.59248
46.751251;49.696972
46.760765;49.708733
46.793285;49.746754
46.893959;49.746754
46.932014;49.747536
46.989098;49.826862
47.036663;49.830448
47.131805;49.867023
47.245972;49.879799
47.303055;49.945087
47.38868;49.969894
47.436249;50.017067
47.502846;50.089378
47.51236;50.09277
47.559933;50.21772
47.58847;50.234516
47.664585;50.26107
47.664585;50.307758
47.674099;50.315289
47.702637;50.363323
47.712151;50.36422
47.740696;50.393974
47.778748;50.417236
47.807293;50.546082
47.864376;50.578014
47.902428;50.578964
47.988056;50.580654
48.159302;50.694988
48.197361;50.714626
48.24493;50.788666
48.263958;50.789425
48.311527;50.834679
48.378124;50.83971
48.444721;50.879715
48.501804;50.948402
48.520832;51.022503
48.625488;51.036705
48.673058;51.10635
48.701595;51.170258
48.730141;51.232464
48.739655;51.311028
48.825279;51.327606
48.834789;51.390842
48.844303;51.497372
48.872849;51.509895
48.891876;51.573696
48.901386;51.773415
48.9109;51.80484
48.958473;51.813751
48.987015;51.85714
49.006042;51.895004
49.110695;52.04171
49.15826;52.075531
49.167778;52.089588
49.224857;52.16058
49.234375;52.240681
49.434166;52.258396
49.510277;52.266846
49.519791;52.300976
49.632328;52.406536
49.748127;52.459129
49.80521;52.570847
49.833748;52.600323
50.033539;52.610775
50.039223;52.665771
50.138195;52.733997
50.196434;52.762917
50.252361;52.769093
50.261875;52.813343
50.271389;52.902447
50.3475;52.990498
50.404583;53.003387
50.414097;53.102291
50.464615;53.149937
50.490211;53.149937
50.509235;53.163544
50.556808;53.17601
50.642429;53.193275
50.651943;53.199707
50.723553;53.340317
50.728054;53.406269
50.728054;53.440601
50.84222;53.445427
50.88979;53.533009
51.065716;53.580807
51.12764;53.655315
51.203751;53.738766
51.213264;53.74221
51.241806;53.764786
51.270348;53.795471
51.298889;53.800064
51.403542;53.84272
51.460625;53.9398
51.479652;53.953186
51.48917;53.956173
51.546597;54.108124
51.685314;54.113102
51.688961;54.178986
51.73653;54.214134
51.765068;54.293121
51.833275;54.304012
51.926807;54.318153
51.955345;54.428669
51.955345;54.546875
51.964859;54.546875
52.012432;54.675488
52.060001;54.710449
52.069515;54.782578
52.183681;54.954197
52.335903;54.993877
52.373959;55.090557
52.392986;55.138306
52.412014;55.141598
52.421532;55.253021
52.431042;55.316185
52.488129;55.367462
52.583263;55.463425
52.583263;55.498333
52.706944;55.646103
52.716457;55.683449
52.804283;55.732559
52.830624;55.78582
52.840137;55.946171
52.868683;56.141502
52.868683;56.218754
53.049446;56.227131
53.125557;56.316418
53.144585;56.36174
53.144585;56.580067
53.201668;56.581348
53.220692;56.657516
53.230206;56.680706
53.325348;57.06781
53.353886;57.225868
53.353886;57.353519
53.477566;57.419773
53.487087;57.463261
53.496597;57.478897
53.639305;57.485703
53.648819;57.57682
53.705902;57.612488
53.782013;57.692169
53.829582;57.694698
53.934238;57.718681
53.987984;57.723148
54.019859;57.736851
54.295761;57.774582
54.400417;57.77602
54.409927;57.928223
54.428959;58.128975
54.467014;58.128975
54.486042;58.306377
54.638264;58.335556
54.685833;58.404537
54.723888;58.425583
54.761944;58.438644
54.933197;58.475204
54.980762;58.519215
55.143944;58.550758
55.161526;58.571762
55.199585;58.731998
55.275696;58.735565
55.361317;58.759144
55.561111;58.813179
55.561111;58.860851
55.589653;58.860851
55.599167;58.872952
55.599167;58.926975
55.627708;59.009254
55.698807;59.037106
55.817986;59.054562
55.941669;59.115471
55.941669;59.373104
56.02729;59.490417
56.074863;59.503365
56.112915;59.509533
56.15097;59.527153
56.15097;59.608406
56.16119;59.622288
56.208054;59.668243
56.217567;59.937935
56.284164;59.9795
56.293678;60.072296
56.369793;60.214893
56.388821;60.393284
56.474442;60.576046
56.569584;60.611946
56.588612;60.656605
56.607635;60.748741
56.636181;60.87138
56.674232;60.939236
56.697559;60.992535
56.731319;61.020729
56.778889;61.105202
56.816944;61.129776
56.827026;61.146915
56.836273;61.166847
56.874031;61.284084
56.921597;61.29892
56.931114;61.309868
56.959652;61.377064
56.97868;61.419941
56.97868;61.530003
57.111874;61.57127
57.121391;61.663071
57.254585;61.97813
57.264099;62.058891
57.340206;62.06831
57.418877;62.082474
57.425831;62.165371
57.511459;62.208141
57.520973;62.337822
57.597084;62.373966
57.616112;62.466026
57.682709;62.472454
57.768333;62.503319
57.777847;62.59795
57.815903;62.887733
57.853958;63.157097
57.892014;63.339821
58.110832;63.360992
58.139374;63.489265
58.186947;63.540539
58.263058;63.565334
58.301109;63.576874
58.377224;63.591797
58.415276;63.782703
58.500904;63.809475
58.557987;63.859447
58.586529;63.861263
58.681667;63.865955
58.700695;63.896194
58.738747;63.967087
58.776806;64.047096
58.776806;64.053635
58.805351;64.244766
58.900486;64.334145
58.919514;64.538124
58.976597;64.557549
59.081249;64.651245
59.185184;64.701088
59.252502;64.754944
59.309586;64.791283
59.309586;64.795128
59.328613;64.862175
59.414234;64.991951
59.425625;64.994133
59.490345;64.994781
59.56646;65.036896
59.661598;65.045807
59.69014;65.096176
59.69014;65.115936
59.728191;65.170334
59.756737;65.189423
59.81382;65.291153
59.889931;65.407272
59.927982;65.412514
60.032639;65.528877
60.203888;65.553955
60.220928;65.678619
60.260975;65.681419
60.337082;65.69017
60.35611;65.703117
60.394169;65.730888
60.413193;65.746208
60.460766;65.844696
60.498821;65.918327
60.508335;65.942261
60.517849;66.044678
60.536873;66.125992
60.71764;66.13089
60.793747;66.283585
60.822292;66.387642
60.831806;66.489655
60.993538;66.567245
61.069653;66.618744
61.069653;66.638367
61.098194;66.777596
61.154942;66.838699
61.164791;66.891464
61.193336;67.06147
61.21236;67.155273
61.317017;67.156311
61.345554;67.281929
61.545345;67.289238
61.602428;67.305672
61.764168;67.571121
61.802219;67.608429
61.897362;67.627388
61.935417;67.735115
62.030556;67.824692
62.097153;67.946663
62.125698;67.954948
62.144722;68.001305
62.182777;68.049034
62.220833;68.05027
62.296944;68.264038
62.334999;68.511856
62.354027;68.521759
62.373058;68.724129
62.515766;68.770897
62.572849;68.84877
62.65847;68.84877
62.763126;68.984154
62.810276;68.985703
62.810696;69.065552
62.915348;69.070557
63.02;69.230415
63.143681;69.374825
63.314934;69.411819
63.448128;69.420906
63.562294;69.459793
63.596329;69.470444
63.647919;69.490639
63.705002;69.737663
63.725796;69.831848
63.752571;69.863945
63.762791;70.051239
63.790623;70.106407
63.80965;70.107933
63.920002;70.112381
64.142639;70.370941
64.180695;70.405182
64.199722;70.464073
64.370972;70.491249
64.399513;70.537437
64.428055;70.752052
64.447083;71.012459
64.475624;71.032227
64.494652;71.138962
64.55809;71.180084
64.608818;71.273727
64.627846;71.395569
64.76104;71.405861
64.81813;71.451111
64.837151;71.553398
64.856178;71.577682
64.913261;71.639923
64.922775;71.766815
64.989372;72.136986
65.008408;72.158203
65.084518;72.177437
65.293816;72.187965
65.40799;72.228561
65.55069;72.266838
65.65535;72.46434
65.702919;72.584465
65.760002;72.5905
65.843521;72.791061
65.931252;72.833214
65.940765;72.961731
66.235695;73.382164
66.254723;73.429565
66.254723;73.740959
66.311806;73.905594
66.330833;73.912819
66.342888;74.366776
66.359375;74.439384
66.361389;74.502754
66.368889;74.528618
66.406944;74.726234
66.454514;74.924866
66.540138;75.233788
66.712807;75.342514
66.730415;75.437233
67.053886;75.475365
67.082428;75.49102
67.101456;75.760078
67.120483;75.93438
67.130005;76.029694
67.31076;76.073723
67.405907;76.109222
67.453476;76.117241
67.548607;76.321869
67.558121;76.701767
67.643753;76.792259
67.700836;76.848175
67.757919;76.881157
67.767433;77.017853
67.824516;77.137573
67.900627;77.205658
67.919655;77.300484
67.933495;77.392876
67.948196;77.479118
67.988983;77.615929
68.164688;77.632484
68.271667;77.663605
68.319237;77.765816
68.423889;77.792519
68.452431;77.995773
68.480972;78.088531
68.547569;78.512154
68.557083;78.709946
68.642708;78.867508
68.785416;78.954308
68.99472;79.305878
69.061317;79.316734
69.127914;79.444595
69.460907;79.579315
69.588829;79.653923
69.829269;79.661507
70.050766;79.728264
70.098335;79.728264
70.326668;80.470062
70.345695;80.561195
70.640625;80.595665
70.640625;80.60257
70.697708;81.355225
70.783333;81.455368
70.828018;81.460526
70.964096;81.72007
71.09729;82.042305
71.525421;82.118149
71.525421;82.185585
71.630066;82.232925
71.772781;82.265137
71.848892;82.367332
71.877426;82.471275
72.1343;82.656883
72.159691;82.902275
72.343613;83.898308
72.372154;83.898331
72.400696;84.153725
72.48632;84.796028
72.648056;84.882156
72.866875;85.055023
72.876389;85.249451
72.952499;85.387695
72.981041;85.635162
72.982735;85.6763
73.095207;85.727142
73.095207;85.860237
73.161804;86.032143
73.19986;86.122169
73.285484;86.177055
73.361595;86.323387
73.418678;86.522362
73.475761;86.680977
73.532845;86.80806
73.580421;87.029861
73.599442;87.376831
73.608955;87.662148
73.618469;87.727295
73.675552;87.791481
73.685066;87.791481
73.69458;87.797562
73.808746;88.081581
73.894379;88.322701
73.999023;88.505035
73.999023;88.585732
74.113197;88.587074
74.160767;88.625473
74.427155;88.684235
74.436668;88.714508
74.665001;88.714508
74.750626;88.856499
74.769653;88.868584
74.902847;88.928726
74.95993;89.095024
75.081963;89.122063
75.093124;89.437737
75.112152;89.45816
75.188263;89.64299
75.473679;89.869102
75.549789;89.997993
75.759094;90.029213
75.768616;90.141243
75.930344;90.299698
76.177711;90.404839
76.187225;90.558014
76.196732;90.576927
76.533844;90.576927
76.624863;90.600449
76.739029;91.14711
76.900764;91.430885
76.910271;91.840675
76.957848;92.044807
77.051712;92.300201
77.091042;92.461212
77.214722;92.461212
77.281319;92.461212
77.338402;92.473633
77.403122;92.519577
77.462082;92.767632
77.557228;92.778381
77.766525;92.892082
77.785553;93.06208
78.156601;93.134705
78.289795;93.411568
78.299301;93.481407
78.392632;93.611748
78.4991;93.949738
78.546661;94.000565
78.689377;94.281586
78.708397;94.556358
78.784515;94.601189
79.022362;95.029785
79.095459;95.181084
79.104698;95.328377
79.127014;95.328743
79.184097;95.345985
79.212639;95.383942
79.336319;95.578255
79.345833;95.60289
79.355347;95.797424
79.440979;96.099319
79.498055;96.195816
79.517082;96.651932
79.612221;96.831161
79.726387;96.864746
79.945206;97.046936
80.011803;97.267929
80.068893;97.267929
80.144997;97.267929
80.373329;97.467026
80.535072;97.493401
80.649239;97.518242
80.715836;97.553886
80.715836;97.797852
80.963196;98.245796
80.982224;98.245796
81.22007;98.445435
81.305687;98.676933
81.334236;98.707573
81.435112;98.854469
81.505493;99.003166
81.676735;99.229179
81.809929;99.442322
82.437843;99.481476
82.666183;99.520302
82.818405;99.871506
82.970619;100.218094
83.046738;100.218094
83.208473;100.38398
83.238419;100.59227
83.256042;100.595184
83.52243;100.810547
83.722221;100.848366
83.750771;100.901283
84.036179;100.98983
84.052208;100.997147
84.207428;101.180641
84.264519;101.22776
84.293053;101.247002
84.378685;101.271996
84.385124;101.372986
84.43576;101.426132
84.625565;101.651886
84.644058;101.74231
84.721176;101.991959
84.825836;102.302094
85.234924;102.353104
85.815285;102.36676
85.881882;102.652618
85.891388;103.285675
85.929489;103.302078
85.948479;103.435516
86.062637;103.486183
86.157776;103.792152
86.205345;103.891609
86.271942;104.229187
86.29097;104.229187
86.433678;104.229187
86.509796;104.269852
86.528824;104.317856
86.595421;104.478844
86.623062;104.520943
86.89035;104.586037
87.689514;104.736839
87.80368;104.752693
87.80368;104.837578
88.028717;105.123978
88.155693;105.245857
88.212784;105.245857
88.279381;105.260468
88.336456;105.601959
88.574326;105.81765
88.971985;106.035316
88.983398;106.092613
89.078545;106.178329
89.135628;106.218735
89.249786;106.267685
89.373474;106.35321
89.67791;106.756279
90.15361;106.869217
90.229721;106.983154
90.267776;107.007271
90.315346;107.389046
90.515137;107.407379
90.733955;107.496033
90.838615;107.503418
90.895691;107.715347
91.162079;107.834061
91.162079;107.899391
91.35788;107.936935
91.46653;108.229935
91.504585;108.293083
91.514099;108.329346
91.780487;108.329346
91.818542;108.427773
91.980278;108.499245
92.008812;108.743454
92.116196;109.533638
92.170555;110.232628
92.284721;110.293213
92.294235;110.297356
92.341812;110.3461
92.408409;110.412941
92.475006;110.412941
92.551109;110.412941
92.6082;110.707832
92.703339;110.766785
92.87458;111.105484
92.893608;111.18692
92.90313;111.187523
93.502502;111.293854
93.81646;111.321373
93.873535;111.46312
94.158958;111.870872
94.244583;112.639008
94.463402;112.765121
94.672707;112.875153
94.796387;112.95919
94.853477;113.285484
94.891525;113.324684
94.908989;113.722435
95.243538;114.11377
95.253059;114.647453
95.300629;114.790245
95.556335;114.806786
95.624092;115.350822
95.719238;115.44294
95.795349;115.612404
95.852432;116.131554
96.061737;116.140549
96.13784;116.203384
96.370125;116.43885
96.822845;116.554184
96.898964;116.601746
96.994095;116.64164
97.003609;117.134346
97.136803;117.333885
97.15583;117.339287
97.231949;117.540016
97.269997;117.690002
97.336594;117.868469
97.764725;118.082855
97.764725;118.112373
97.812294;118.417732
97.983543;118.622116
98.316521;119.142822
98.4786;119.827812
98.668541;119.891083
98.801735;120.067398
98.830276;120.370216
98.896881;120.700485
98.915909;121.047966
98.992012;121.168358
99.305969;121.246849
99.439163;121.27578
99.65799;121.697708
99.867287;122.043427
99.895836;122.378311
99.939735;122.722198
100.190765;122.900902
100.599861;123.387283
101.208748;123.543854
101.227783;123.549576
101.351456;123.876717
102.007919;123.959473
102.055489;124.018288
102.264786;124.797401
102.483612;124.905663
102.559723;124.999519
102.616806;125.006432
102.62632;125.629005
102.64534;125.774681
102.740486;125.830078
102.797569;125.958862
102.968819;126.114098
103.91069;126.121147
103.929718;126.343414
104.027206;126.481552
104.072433;126.636253
104.249153;126.742584
104.55764;126.747871
104.595695;127.051949
104.595695;127.601761
104.776451;127.687347
104.957222;127.886368
105.004791;128.064499
105.042854;128.104599
105.699303;128.478027
105.975204;129.174347
106.041801;129.289734
106.222572;130.069153
106.593613;130.30162
106.707771;130.463089
107.088326;130.686295
107.135902;130.903381
107.259583;130.908279
107.297638;131.051163
107.440346;131.121979
107.506943;131.313141
107.516457;131.404694
107.80188;131.756592
107.868477;132.491104
107.94458;132.639755
108.401253;132.745758
108.791321;132.783554
108.924515;133.067383
109.238472;133.158707
109.2575;133.283783
109.286049;133.654831
109.333611;134.033264
109.723679;134.03653
110.199379;134.132828
110.465767;134.194321
110.865349;134.735947
110.912918;134.82431
111.036591;134.873993
111.036591;135.086639
111.150757;135.151428
111.255417;135.185211
111.369583;135.420242
111.379097;136.232697
111.759651;136.250366
111.864311;136.291077
112.092636;136.857529
112.416107;137.012726
112.501732;137.132889
112.568329;137.339325
112.62542;137.767517
112.796669;137.815109
113.300903;137.894974
113.338959;138.215302
113.405556;138.55687
113.481674;138.70842
113.633888;138.791794
113.757568;139.025192
113.833679;139.091095
113.871735;139.242676
114.227409;139.301468
114.632843;139.309982
114.642365;139.55983
114.662048;139.681046
114.69944;140.531357
114.8041;140.758133
114.851662;140.786377
114.92778;140.999619
116.021873;141.139114
116.744926;141.169113
116.925697;141.71727
117.220627;141.859619
117.277702;141.962219
117.496529;142.196198
117.94368;142.542206
118.447914;142.725723
118.742844;142.864532
119.075829;143.791016
119.247086;144.092545
119.285141;144.481216
119.692787;144.981766
119.779861;145.074188
119.865486;145.467026
120.103333;145.643707
120.122368;145.946533
120.150902;146.045517
120.198471;146.077881
120.388756;146.495682
120.41729;146.844604
120.683685;146.861481
120.702713;147.161224
120.959579;147.267517
121.01667;147.305511
121.216461;147.809952
121.273537;147.871918
121.378197;148.262344
121.606522;148.385712
121.777779;148.396881
121.968056;148.562531
122.310555;149.111343
123.043121;149.366577
123.100212;149.379425
123.461739;149.877258
123.813751;150.138702
123.90889;150.735703
124.15625;150.775909
124.251396;151.394623
124.346527;151.666611
124.555832;152.411209
125.240829;152.641281
125.398613;153.245529
125.678474;153.724487
125.944862;154.689774
126.33493;154.691788
126.392014;154.694748
127.248154;154.890015
127.305344;154.942322
127.999863;155.691116
128.01889;156.048462
128.389923;156.409424
129.179581;156.664246
129.62674;157.412003
130.140488;160.517914
130.207077;161.20253
130.825485;162.416595
131.729309;164.038788
134.374161;164.160873
134.554932;164.177094
134.916458;166.093613
135.719025;166.152893
135.753677;166.382111
136.067642;166.832962
136.733612;166.840103
136.990494;167.94696
137.076111;168.348999
137.466187;170.171387
137.979935;170.330719
138.008469;170.358688
138.170212;171.221695
138.18924;171.669205
138.455627;173.027695
138.455627;174.809402
138.921814;174.860016
139.235764;174.911682
139.854172;175.125809
140.111038;175.204071
140.567703;175.28096
140.938751;175.606659
141.262222;175.914337
141.63327;176.20372
142.032852;177.067429
142.603683;177.244888
142.889099;177.830627
143.088882;177.954437
143.697784;178.458969
143.716812;178.812057
144.02124;179.039734
144.573059;180.491425
144.763336;180.721619
145.058258;181.910126
145.134369;181.911606
145.762299;182.487686
145.876465;182.820511
146.180908;183.971878
147.379654;184.590424
147.627014;186.067184
148.074173;186.164078
148.197845;186.38768
148.530838;186.461639
149.662979;186.783859
149.710556;186.802673
150.595352;187.369278
150.623886;187.389587
150.852219;188.014557
152.393463;189.328323
152.5457;189.707367
152.621811;190.411102
153.183121;192.085098
153.70639;192.23233
154.676804;192.863602
155.39035;192.882629
156.132431;194.358597
156.750839;194.554901
156.769867;195.003479
156.798416;196.110901
157.331192;196.161819
157.559525;196.292511
157.778336;197.062256
158.320633;198.597641
159.481323;199.152649
160.603958;199.842346
164.742493;200.053116
164.771042;201.565887
165.38945;202.447998
165.579712;202.906372
166.264725;204.26091
166.397919;204.494843
166.416946;204.583771
166.72139;205.696564
170.003677;206.058914
171.230957;206.38623
172.762711;206.885513
176.891739;207.656113
177.177139;209.395248
177.253265;210.441483
177.60527;211.191956
177.614792;211.643707
178.975281;213.838821
179.603195;214.218231
181.553543;215.927231
181.753342;216.486145
182.780838;217.023163
183.494385;217.95993
184.331604;219.142319
185.302002;220.103027
186.158264;220.65657
186.672012;223.35791
187.309448;223.496506
188.184723;223.547592
188.489166;224.268463
189.440567;225.044785
189.868683;228.634964
193.15097;229.459778
194.054779;230.574844
195.3582;231.543533
196.157364;231.921646
196.54744;234.569077
198.145767;234.653015
200.828674;235.658096
204.472504;235.817947
206.080338;238.877197
207.688187;244.103516
208.401749;244.645004
209.077225;255.37059
210.542358;259.63797
211.950409;274.14621
216.840561;278.022949
219.656662;282.293457
222.786728;293.667114
238.066055;301.603882
239.978348;303.852448
249.149719;319.765503
249.78714;341.092041
252.860138;346.994293
253.145554;350.136658
