"qsim";"qobs"
0.002729;0.009502
0.003639;0.009746
0.004094;0.009859
0.004549;0.010077
0.005003;0.01022
0.005458;0.010366
0.005458;0.010434
0.005913;0.010446
0.006368;0.010453
0.006368;0.010453
0.006368;0.010506
0.006823;0.010598
0.006823;0.010638
0.006823;0.010704
0.007278;0.010771
0.007733;0.010845
0.008187;0.010862
0.008642;0.010871
0.009097;0.010899
0.009097;0.010947
0.009552;0.011018
0.010007;0.011056
0.010462;0.011146
0.010462;0.011152
0.010917;0.011163
0.010917;0.011269
0.010917;0.011302
0.011372;0.011381
0.011826;0.011462
0.011826;0.011491
0.011826;0.011568
0.011826;0.011581
0.012281;0.011664
0.012281;0.011789
0.013191;0.011811
0.013191;0.011818
0.013191;0.011912
0.013191;0.011994
0.013646;0.012053
0.013646;0.01207
0.013646;0.012105
0.014556;0.012129
0.014556;0.012158
0.014556;0.012165
0.01501;0.012172
0.01501;0.012172
0.01501;0.012172
0.01501;0.012173
0.015465;0.012183
0.015465;0.012231
0.016375;0.012251
0.016375;0.012357
0.016375;0.012372
0.01683;0.012421
0.017285;0.012476
0.017285;0.012543
0.017285;0.01267
0.01774;0.012899
0.018194;0.013118
0.018194;0.013143
0.018194;0.013154
0.018649;0.01316
0.018649;0.013198
0.019104;0.013308
0.019104;0.013374
0.019104;0.013401
0.019559;0.013541
0.019559;0.013585
0.019559;0.013625
0.020014;0.013718
0.020469;0.013737
0.020469;0.013752
0.020469;0.01387
0.020924;0.013885
0.020924;0.013922
0.020924;0.013949
0.021378;0.013949
0.021378;0.013949
0.021833;0.013949
0.021833;0.014115
0.021833;0.01419
0.022288;0.014287
0.022743;0.014302
0.022743;0.014522
0.023198;0.014579
0.023198;0.01461
0.023653;0.014681
0.023653;0.014759
0.023653;0.014771
0.023653;0.014806
0.023653;0.014834
0.024108;0.015029
0.024108;0.015073
0.024108;0.015144
0.024563;0.015166
0.024563;0.015357
0.025017;0.015422
0.025017;0.0155
0.025017;0.015507
0.025472;0.015543
0.025472;0.015621
0.025927;0.015763
0.026382;0.015769
0.026382;0.015778
0.026382;0.015951
0.026382;0.016021
0.026382;0.016041
0.026837;0.016048
0.026837;0.016082
0.026837;0.016128
0.026837;0.016201
0.026837;0.01636
0.027292;0.016484
0.027747;0.016641
0.027747;0.016689
0.027747;0.01674
0.028201;0.016889
0.028201;0.016955
0.028201;0.016977
0.028656;0.017047
0.028656;0.017606
0.029111;0.017643
0.029111;0.017644
0.029111;0.018258
0.029566;0.018271
0.029566;0.018307
0.029566;0.018329
0.030021;0.018506
0.030021;0.018658
0.030021;0.019071
0.030021;0.019347
0.030476;0.019524
0.030476;0.019524
0.030476;0.019524
0.030476;0.019613
0.030931;0.019674
0.030931;0.02015
0.030931;0.020737
0.031385;0.020834
0.03184;0.020954
0.03184;0.021014
0.032295;0.021237
0.032295;0.021674
0.032295;0.0217
0.03275;0.021713
0.03275;0.02176
0.03275;0.021796
0.033205;0.021909
0.033205;0.022614
0.033205;0.022655
0.033205;0.023234
0.033205;0.023849
0.03366;0.024059
0.03366;0.024526
0.03366;0.024526
0.03366;0.024526
0.03366;0.024526
0.034115;0.024526
0.034569;0.024526
0.035024;0.024571
0.035479;0.024639
0.035479;0.024842
0.035934;0.025076
0.036389;0.025498
0.036389;0.025555
0.036389;0.025625
0.036389;0.026549
0.036389;0.026696
0.036844;0.027111
0.037299;0.027178
0.037299;0.027273
0.037299;0.02732
0.037299;0.027358
0.037299;0.027389
0.037299;0.027454
0.037753;0.027786
0.037753;0.028231
0.037753;0.0283
0.038208;0.028656
0.038208;0.028901
0.038663;0.029084
0.038663;0.029241
0.039118;0.029256
0.039118;0.029512
0.039573;0.029683
0.039573;0.029935
0.039573;0.030113
0.039573;0.030113
0.040028;0.030113
0.040028;0.030113
0.040483;0.030113
0.040483;0.030113
0.040483;0.030113
0.040938;0.030113
0.040938;0.030243
0.040938;0.030332
0.041392;0.03078
0.041392;0.031014
0.041847;0.03139
0.041847;0.031628
0.041847;0.031952
0.041847;0.032029
0.042302;0.032421
0.042302;0.032761
0.042302;0.033109
0.042757;0.033245
0.042757;0.033252
0.042757;0.033357
0.043667;0.033421
0.043667;0.033504
0.043667;0.033824
0.043667;0.03389
0.044122;0.034412
0.044122;0.034456
0.044122;0.034562
0.044576;0.034772
0.044576;0.035087
0.044576;0.035149
0.044576;0.035445
0.045031;0.035707
0.045486;0.035778
0.045486;0.035806
0.045941;0.03629
0.045941;0.03629
0.046396;0.03629
0.046396;0.03629
0.046851;0.03629
0.046851;0.03629
0.046851;0.036432
0.047306;0.036688
0.047306;0.037059
0.047306;0.0376
0.04776;0.037761
0.04776;0.037814
0.04776;0.038092
0.04776;0.038146
0.04776;0.03824
0.04776;0.038511
0.048215;0.038559
0.04867;0.038601
0.04867;0.038674
0.04867;0.038692
0.049125;0.039053
0.049125;0.039392
0.049125;0.039601
0.04958;0.039784
0.04958;0.039797
0.050035;0.040409
0.050035;0.040656
0.05049;0.040665
0.050944;0.040996
0.051399;0.041317
0.051399;0.042155
0.051854;0.04217
0.051854;0.042505
0.052309;0.042548
0.052309;0.042609
0.052764;0.042637
0.052764;0.043057
0.053219;0.043057
0.053219;0.043116
0.053219;0.043151
0.053219;0.043165
0.053219;0.043386
0.053219;0.043486
0.053219;0.043688
0.053674;0.044056
0.053674;0.04424
0.053674;0.044323
0.054128;0.044379
0.054583;0.044864
0.055038;0.045209
0.055038;0.04559
0.055493;0.045677
0.055493;0.045705
0.055493;0.046615
0.056403;0.046654
0.056403;0.046933
0.057312;0.047114
0.057767;0.047368
0.057767;0.047452
0.058222;0.047849
0.058222;0.048121
0.058222;0.048214
0.058222;0.048273
0.058222;0.04862
0.058222;0.048793
0.059132;0.048874
0.059132;0.04898
0.059587;0.049099
0.059587;0.049325
0.059587;0.049377
0.059587;0.050013
0.059587;0.050193
0.059587;0.050419
0.060042;0.050419
0.060042;0.050419
0.060042;0.050976
0.060042;0.051151
0.060497;0.051466
0.060497;0.052144
0.060951;0.052326
0.061406;0.052521
0.061406;0.052639
0.061406;0.052803
0.061861;0.053301
0.061861;0.053473
0.061861;0.05384
0.061861;0.05407
0.062316;0.054328
0.062316;0.054822
0.063226;0.055093
0.063226;0.055457
0.06459;0.055866
0.06459;0.056052
0.06459;0.056568
0.06459;0.056607
0.0655;0.057152
0.0655;0.057224
0.0655;0.05732
0.065955;0.057354
0.06641;0.057369
0.06641;0.058222
0.06641;0.058378
0.066865;0.058378
0.066865;0.058378
0.066865;0.058378
0.067319;0.058501
0.067319;0.05862
0.067774;0.058634
0.068229;0.05877
0.068684;0.058795
0.068684;0.058988
0.068684;0.059037
0.068684;0.059147
0.069139;0.059335
0.069139;0.0594
0.069594;0.059428
0.069594;0.059722
0.069594;0.060957
0.070049;0.061631
0.070049;0.062565
0.070503;0.062784
0.070958;0.062821
0.070958;0.063094
0.070958;0.063759
0.071413;0.063924
0.071413;0.064085
0.071868;0.064292
0.071868;0.064567
0.071868;0.064608
0.071868;0.064623
0.071868;0.065658
0.072323;0.065745
0.072323;0.065838
0.072778;0.066314
0.073233;0.066758
0.073233;0.066828
0.073688;0.066935
0.073688;0.066935
0.074142;0.066935
0.074142;0.066935
0.074597;0.067754
0.074597;0.068464
0.075052;0.069523
0.075052;0.069623
0.075052;0.069805
0.075052;0.070039
0.075507;0.070391
0.075507;0.070725
0.075507;0.070968
0.075507;0.070983
0.075962;0.071593
0.075962;0.072081
0.075962;0.072087
0.076417;0.072147
0.076872;0.073668
0.076872;0.073995
0.076872;0.074501
0.076872;0.074522
0.077326;0.074679
0.077326;0.074723
0.077781;0.074759
0.078236;0.075179
0.078236;0.075188
0.078236;0.075466
0.078691;0.075486
0.079146;0.075677
0.079146;0.075738
0.079601;0.075895
0.079601;0.076094
0.079601;0.076094
0.079601;0.076094
0.079601;0.076249
0.080056;0.076682
0.080056;0.077567
0.080056;0.077653
0.08051;0.078089
0.08051;0.078414
0.080965;0.078953
0.08142;0.079112
0.081875;0.079134
0.08233;0.079637
0.08233;0.079664
0.08233;0.08085
0.082785;0.080995
0.082785;0.081436
0.08324;0.081623
0.083694;0.081725
0.083694;0.081729
0.083694;0.081969
0.084149;0.082009
0.084149;0.082329
0.084149;0.08273
0.084149;0.082753
0.084149;0.082978
0.084604;0.083669
0.084604;0.083895
0.084604;0.083903
0.085514;0.083951
0.085514;0.084446
0.085514;0.084739
0.085969;0.084836
0.085969;0.085039
0.086424;0.085845
0.086878;0.085855
0.086878;0.085855
0.087333;0.085855
0.087333;0.085855
0.087788;0.085855
0.088243;0.085855
0.088243;0.085855
0.088243;0.086593
0.088243;0.086612
0.088698;0.087274
0.089153;0.087479
0.089153;0.088969
0.090062;0.089446
0.090062;0.089704
0.090517;0.089747
0.090517;0.089828
0.090517;0.089887
0.090972;0.089905
0.090972;0.090408
0.091427;0.090559
0.091427;0.090842
0.091427;0.09133
0.091427;0.091558
0.091882;0.091757
0.092337;0.09203
0.092337;0.092266
0.092337;0.092453
0.092792;0.0929
0.092792;0.09331
0.093701;0.093588
0.093701;0.09364
0.093701;0.093682
0.094156;0.093874
0.094156;0.094314
0.094156;0.094532
0.094156;0.095455
0.094156;0.096221
0.094611;0.096221
0.094611;0.096404
0.094611;0.096701
0.095066;0.096873
0.095066;0.097005
0.095066;0.097113
0.095066;0.097138
0.095521;0.097256
0.095521;0.098017
0.095976;0.098239
0.095976;0.098426
0.095976;0.098442
0.096431;0.098627
0.096431;0.098629
0.096885;0.099119
0.096885;0.099307
0.09734;0.099754
0.09734;0.099898
0.09734;0.100386
0.097795;0.100524
0.09825;0.100585
0.09825;0.100681
0.09825;0.101017
0.098705;0.101061
0.09916;0.101209
0.09916;0.101287
0.09916;0.101598
0.099615;0.10227
0.099615;0.102368
0.099615;0.102399
0.099615;0.103126
0.100069;0.10323
0.100524;0.103283
0.100979;0.103598
0.100979;0.103747
0.100979;0.104445
0.101434;0.104525
0.101434;0.104967
0.101434;0.105038
0.101434;0.105236
0.101889;0.105414
0.101889;0.105551
0.101889;0.105639
0.101889;0.105963
0.101889;0.106276
0.102344;0.106908
0.102344;0.107193
0.102799;0.107193
0.103253;0.107193
0.103253;0.107194
0.103708;0.107196
0.104163;0.108314
0.104163;0.108373
0.105073;0.108453
0.105073;0.108734
0.105073;0.108868
0.105073;0.109293
0.105073;0.109334
0.105528;0.109962
0.105528;0.110309
0.105528;0.110363
0.105983;0.110698
0.105983;0.110753
0.105983;0.110923
0.105983;0.111046
0.106437;0.1114
0.106437;0.111457
0.106437;0.111573
0.106892;0.111815
0.106892;0.112089
0.106892;0.112485
0.107347;0.112631
0.107347;0.112764
0.107802;0.11328
0.107802;0.113311
0.108257;0.113752
0.108257;0.113854
0.108257;0.114257
0.108712;0.11438
0.108712;0.114728
0.108712;0.114831
0.108712;0.114894
0.109167;0.115183
0.109622;0.115401
0.110076;0.115556
0.110076;0.115613
0.110531;0.115746
0.110986;0.115968
0.110986;0.116259
0.110986;0.11661
0.111441;0.11683
0.111896;0.117039
0.111896;0.117077
0.111896;0.117707
0.111896;0.118037
0.112351;0.118712
0.112351;0.118774
0.11326;0.118774
0.11326;0.118923
0.11326;0.119036
0.113715;0.119189
0.113715;0.119466
0.11417;0.119766
0.114625;0.119964
0.114625;0.120209
0.11508;0.120397
0.11508;0.120584
0.11508;0.12105
0.11508;0.1212
0.11599;0.121488
0.11599;0.12171
0.11599;0.121847
0.11599;0.121926
0.11599;0.121991
0.116444;0.122183
0.116899;0.122539
0.116899;0.123034
0.116899;0.123476
0.116899;0.123941
0.117354;0.123949
0.117809;0.124215
0.117809;0.124786
0.117809;0.125445
0.117809;0.125719
0.117809;0.125802
0.118264;0.125975
0.118719;0.126024
0.118719;0.1261
0.118719;0.126655
0.118719;0.126663
0.118719;0.126704
0.118719;0.127394
0.119174;0.12742
0.119174;0.127581
0.119174;0.127584
0.119628;0.128033
0.119628;0.128053
0.120083;0.128226
0.120538;0.128466
0.120538;0.128509
0.120538;0.129825
0.120538;0.130053
0.120538;0.130423
0.120993;0.130704
0.120993;0.13074
0.121448;0.130809
0.121448;0.130964
0.121903;0.130964
0.121903;0.131773
0.122358;0.131905
0.122358;0.132234
0.122813;0.132468
0.122813;0.132766
0.123267;0.13328
0.123267;0.133368
0.123722;0.133403
0.124177;0.133518
0.124177;0.133665
0.124177;0.133829
0.124177;0.133877
0.124177;0.133927
0.124632;0.134005
0.125542;0.134551
0.125542;0.135115
0.125542;0.13517
0.125542;0.135205
0.125542;0.135572
0.125997;0.136098
0.125997;0.136278
0.126451;0.136807
0.126451;0.136891
0.126906;0.137368
0.127361;0.137452
0.127361;0.137501
0.127361;0.137672
0.127816;0.13812
0.128271;0.13829
0.128271;0.138397
0.128271;0.138402
0.128271;0.138447
0.128271;0.138463
0.128271;0.138635
0.128726;0.138637
0.128726;0.138908
0.128726;0.139024
0.128726;0.139102
0.129181;0.139121
0.129181;0.139655
0.129181;0.140144
0.129181;0.140436
0.129181;0.141031
0.129635;0.141107
0.13009;0.141282
0.13009;0.14151
0.13009;0.141812
0.13009;0.14185
0.13009;0.142086
0.130545;0.142159
0.130545;0.142184
0.130545;0.142246
0.131455;0.142303
0.131455;0.142655
0.13191;0.1427
0.13191;0.143279
0.13191;0.143497
0.13191;0.143657
0.132819;0.143765
0.132819;0.144281
0.132819;0.144327
0.132819;0.144359
0.133274;0.144382
0.133274;0.144406
0.133274;0.144475
0.133729;0.145258
0.134184;0.14555
0.134184;0.145802
0.134184;0.145841
0.134184;0.145876
0.135094;0.147442
0.135094;0.147774
0.135094;0.147962
0.135094;0.148196
0.135094;0.148632
0.135549;0.14883
0.136003;0.148896
0.136458;0.148957
0.136913;0.149026
0.137368;0.149145
0.137823;0.149362
0.137823;0.149549
0.138278;0.149782
0.138278;0.149787
0.138278;0.149972
0.138733;0.150118
0.138733;0.150182
0.139187;0.150194
0.139642;0.150246
0.139642;0.15028
0.139642;0.150562
0.139642;0.150842
0.139642;0.151525
0.140097;0.151732
0.140552;0.151885
0.141007;0.151966
0.141007;0.152011
0.141462;0.1523
0.141917;0.152374
0.141917;0.152767
0.142372;0.152977
0.142372;0.153798
0.142372;0.153863
0.142826;0.1542
0.142826;0.154364
0.142826;0.1551
0.142826;0.155285
0.142826;0.155383
0.142826;0.155617
0.143281;0.15574
0.143281;0.155784
0.143281;0.156498
0.143281;0.156623
0.143736;0.156769
0.143736;0.157079
0.143736;0.157179
0.144191;0.157179
0.144191;0.157179
0.144646;0.157179
0.145101;0.157179
0.145101;0.157179
0.146465;0.157294
0.146465;0.157817
0.146465;0.1579
0.146465;0.158
0.14692;0.158141
0.14692;0.158437
0.147375;0.158528
0.14783;0.158811
0.14783;0.159076
0.14783;0.159129
0.14783;0.15926
0.148285;0.15942
0.148285;0.159488
0.148285;0.159559
0.14874;0.160182
0.14874;0.1607
0.14874;0.160835
0.149194;0.160976
0.149649;0.161461
0.150104;0.161597
0.150104;0.162102
0.150559;0.162249
0.150559;0.162485
0.150559;0.162541
0.150559;0.162589
0.151014;0.162831
0.151014;0.163028
0.151014;0.1634
0.151469;0.163826
0.151469;0.163893
0.151924;0.16395
0.151924;0.164485
0.151924;0.164725
0.152833;0.165194
0.153288;0.165523
0.153288;0.165532
0.154198;0.165855
0.154198;0.1662
0.154198;0.166304
0.155108;0.166573
0.155108;0.16688
0.155563;0.16692
0.155563;0.16694
0.155563;0.167941
0.155563;0.168272
0.156017;0.168703
0.156017;0.168853
0.156017;0.168907
0.156017;0.168911
0.156017;0.169
0.156472;0.169162
0.156472;0.169248
0.156472;0.170272
0.156472;0.170662
0.156927;0.170944
0.156927;0.171188
0.157382;0.171207
0.157837;0.171207
0.157837;0.171207
0.158292;0.171657
0.158292;0.17174
0.159201;0.1718
0.159201;0.171821
0.159656;0.171934
0.159656;0.172516
0.159656;0.172661
0.160111;0.17267
0.160111;0.172842
0.160566;0.172914
0.160566;0.173039
0.160566;0.174031
0.161021;0.174074
0.161021;0.174155
0.161476;0.174623
0.161476;0.175147
0.161476;0.175696
0.161931;0.176038
0.161931;0.17608
0.16284;0.176508
0.16284;0.176548
0.163295;0.176639
0.16375;0.176934
0.16375;0.176966
0.16375;0.177232
0.16375;0.177403
0.164205;0.177572
0.16466;0.177748
0.16466;0.177829
0.16466;0.17813
0.165115;0.178262
0.165115;0.178279
0.165569;0.178398
0.165569;0.178816
0.166024;0.178876
0.166479;0.178946
0.166479;0.178959
0.166479;0.179053
0.166934;0.179389
0.166934;0.179406
0.166934;0.179437
0.166934;0.179829
0.167389;0.179985
0.167844;0.180228
0.167844;0.180339
0.167844;0.180446
0.168299;0.180604
0.168299;0.180619
0.168753;0.180643
0.169208;0.180809
0.169208;0.180836
0.169663;0.181067
0.170118;0.181124
0.170118;0.181326
0.170573;0.181365
0.170573;0.181844
0.170573;0.182304
0.171028;0.182428
0.171028;0.182626
0.171028;0.182658
0.171028;0.182767
0.171937;0.183139
0.172392;0.183184
0.172392;0.183484
0.172847;0.183517
0.172847;0.183648
0.172847;0.183801
0.173757;0.184129
0.174212;0.184374
0.174212;0.184594
0.174212;0.18465
0.174212;0.185
0.174667;0.185026
0.175122;0.185241
0.175122;0.185551
0.175122;0.185576
0.175122;0.185757
0.175122;0.185824
0.175576;0.185851
0.175576;0.185851
0.176031;0.185851
0.176031;0.185851
0.176486;0.185851
0.176941;0.185851
0.176941;0.185851
0.177396;0.185851
0.177396;0.185851
0.177396;0.185851
0.177396;0.185851
0.177396;0.185851
0.177851;0.185851
0.177851;0.185851
0.178306;0.185851
0.178306;0.185851
0.17876;0.185851
0.179215;0.185851
0.179215;0.185851
0.179215;0.185851
0.17967;0.185851
0.17967;0.185851
0.17967;0.185851
0.180125;0.186114
0.180125;0.186216
0.18058;0.186244
0.18058;0.186498
0.181944;0.186617
0.181944;0.186791
0.181944;0.187244
0.181944;0.18744
0.182399;0.187851
0.183309;0.187904
0.183309;0.188118
0.183309;0.188318
0.183309;0.188464
0.183309;0.188522
0.183764;0.189141
0.183764;0.189525
0.184219;0.189682
0.184674;0.189854
0.184674;0.189938
0.184674;0.190018
0.184674;0.190121
0.185583;0.190382
0.186038;0.190419
0.186038;0.190512
0.186493;0.191571
0.186493;0.191667
0.186493;0.191928
0.186493;0.192274
0.186948;0.192945
0.186948;0.193339
0.187403;0.193341
0.187403;0.193555
0.187403;0.193615
0.187403;0.193755
0.187403;0.193787
0.187403;0.193807
0.187858;0.193949
0.187858;0.194096
0.187858;0.194194
0.187858;0.194379
0.188313;0.194439
0.188313;0.194455
0.188313;0.194643
0.188313;0.194929
0.188767;0.19495
0.189222;0.195207
0.189222;0.195343
0.189677;0.1954
0.189677;0.19557
0.190132;0.196262
0.190132;0.196274
0.190587;0.196514
0.190587;0.197359
0.191042;0.197372
0.191042;0.197403
0.191497;0.197634
0.191497;0.198146
0.191497;0.198268
0.191951;0.198362
0.191951;0.198779
0.191951;0.199135
0.191951;0.199799
0.192406;0.200156
0.192406;0.200333
0.192861;0.200775
0.193771;0.200808
0.194681;0.200836
0.195135;0.200989
0.195135;0.201111
0.195135;0.201111
0.19559;0.201111
0.19559;0.201111
0.19559;0.201111
0.19559;0.201111
0.19559;0.201111
0.196045;0.201158
0.1965;0.201309
0.1965;0.201337
0.196955;0.201564
0.196955;0.201577
0.196955;0.201721
0.19741;0.201888
0.197865;0.202154
0.198319;0.202356
0.198774;0.202819
0.198774;0.202822
0.198774;0.203128
0.199229;0.20317
0.199684;0.203521
0.200139;0.203768
0.200139;0.204142
0.200139;0.205002
0.200594;0.205023
0.200594;0.205034
0.201049;0.205213
0.201049;0.2059
0.201049;0.205982
0.201049;0.20607
0.201049;0.206401
0.201049;0.207004
0.201503;0.207425
0.201503;0.207845
0.201503;0.208154
0.202413;0.208547
0.202868;0.209026
0.202868;0.209094
0.203778;0.209212
0.204233;0.209454
0.204687;0.20962
0.204687;0.209778
0.204687;0.209783
0.205142;0.209976
0.205597;0.210131
0.205597;0.210366
0.206052;0.210393
0.206052;0.210448
0.206052;0.211783
0.206962;0.2118
0.206962;0.211926
0.206962;0.211962
0.206962;0.212166
0.207417;0.212867
0.207872;0.212984
0.207872;0.213127
0.208326;0.213177
0.208326;0.213372
0.208326;0.213705
0.208781;0.214152
0.208781;0.214252
0.208781;0.214475
0.208781;0.214649
0.209236;0.215024
0.209236;0.215677
0.209236;0.216025
0.209691;0.2163
0.209691;0.216393
0.209691;0.216401
0.209691;0.216554
0.210601;0.216699
0.210601;0.216765
0.210601;0.21677
0.210601;0.216989
0.211056;0.216989
0.211056;0.216989
0.211056;0.216989
0.211056;0.216989
0.21151;0.216989
0.21151;0.217363
0.21151;0.218159
0.211965;0.218658
0.21242;0.218779
0.21242;0.218815
0.21242;0.219119
0.21242;0.21912
0.212875;0.219766
0.21333;0.220037
0.21333;0.220125
0.21333;0.220268
0.21424;0.220352
0.21424;0.220612
0.214694;0.220975
0.214694;0.22103
0.214694;0.221976
0.214694;0.222872
0.214694;0.22317
0.214694;0.223574
0.215149;0.223723
0.215149;0.223828
0.215149;0.22386
0.215604;0.224128
0.215604;0.224181
0.215604;0.224269
0.216059;0.224374
0.216059;0.224878
0.216514;0.225477
0.216969;0.225733
0.216969;0.226077
0.216969;0.226308
0.217424;0.226525
0.217424;0.226643
0.217424;0.2267
0.217424;0.227111
0.217878;0.227261
0.217878;0.227654
0.217878;0.227675
0.217878;0.228359
0.218333;0.228517
0.218788;0.22862
0.218788;0.228648
0.218788;0.228667
0.219243;0.229382
0.219243;0.229806
0.219243;0.230253
0.219698;0.230379
0.219698;0.230889
0.219698;0.231309
0.220608;0.231355
0.220608;0.231701
0.220608;0.231874
0.220608;0.231971
0.221517;0.23229
0.221972;0.232305
0.221972;0.232912
0.222427;0.233216
0.222882;0.233336
0.222882;0.233456
0.223337;0.233486
0.223337;0.233486
0.223337;0.233486
0.224247;0.233486
0.224247;0.233486
0.224247;0.233486
0.224247;0.233486
0.224247;0.233486
0.224701;0.233486
0.225156;0.233486
0.225156;0.233741
0.225156;0.233955
0.225611;0.234134
0.225611;0.234246
0.226066;0.234313
0.226066;0.234424
0.226976;0.234767
0.226976;0.235507
0.226976;0.235621
0.227431;0.235831
0.227885;0.235905
0.22834;0.236153
0.22834;0.236482
0.228795;0.236493
0.228795;0.23686
0.228795;0.236945
0.22925;0.2371
0.22925;0.237261
0.22925;0.237503
0.22925;0.23763
0.229705;0.237865
0.229705;0.237938
0.229705;0.238106
0.23016;0.23825
0.231069;0.238374
0.231069;0.238545
0.231069;0.23858
0.231524;0.238984
0.231524;0.239157
0.231979;0.23931
0.231979;0.239334
0.231979;0.239733
0.233344;0.23995
0.233344;0.240097
0.233344;0.240143
0.233344;0.240484
0.233344;0.241328
0.234708;0.24158
0.235163;0.241928
0.235618;0.242135
0.235618;0.242557
0.235618;0.243484
0.236073;0.244044
0.236528;0.244249
0.236983;0.244434
0.236983;0.244488
0.237438;0.244697
0.237438;0.244902
0.237438;0.24527
0.237438;0.245406
0.237892;0.245812
0.237892;0.246068
0.237892;0.246486
0.237892;0.246659
0.238347;0.246676
0.238347;0.246814
0.238802;0.247113
0.238802;0.247228
0.238802;0.24734
0.239257;0.247418
0.239257;0.2475
0.239712;0.247608
0.239712;0.248056
0.239712;0.248066
0.240167;0.248106
0.240167;0.248207
0.240167;0.248411
0.240167;0.248433
0.240622;0.248638
0.241076;0.248721
0.241531;0.248871
0.241986;0.248886
0.242441;0.249036
0.242441;0.249139
0.242441;0.249733
0.242441;0.249761
0.242441;0.249997
0.242896;0.25008
0.242896;0.250292
0.243351;0.250603
0.243806;0.250603
0.24426;0.250603
0.24426;0.250603
0.244715;0.250603
0.244715;0.250603
0.244715;0.250886
0.244715;0.250987
0.244715;0.25142
0.24517;0.251509
0.245625;0.25163
0.24608;0.251773
0.24608;0.253001
0.246535;0.253073
0.24699;0.253201
0.247899;0.253592
0.247899;0.253904
0.247899;0.254026
0.248354;0.254159
0.248809;0.254425
0.248809;0.254613
0.248809;0.254715
0.249719;0.254857
0.249719;0.254937
0.250174;0.255488
0.250174;0.255506
0.250174;0.255588
0.250628;0.255687
0.251083;0.256423
0.251538;0.256473
0.251538;0.256583
0.251993;0.25675
0.251993;0.256765
0.252448;0.25716
0.252903;0.257593
0.253813;0.257697
0.254267;0.2579
0.254722;0.257901
0.254722;0.259022
0.255177;0.259306
0.255177;0.25966
0.255177;0.26044
0.255632;0.260734
0.255632;0.260992
0.255632;0.261047
0.256087;0.261093
0.256542;0.261662
0.256542;0.261807
0.256997;0.262045
0.257451;0.262059
0.257451;0.262206
0.258361;0.262391
0.258361;0.262651
0.258361;0.262693
0.258816;0.262844
0.259271;0.263133
0.259726;0.263216
0.260181;0.263354
0.260181;0.26338
0.260635;0.263482
0.260635;0.263868
0.26109;0.264096
0.26109;0.264184
0.26109;0.264307
0.26109;0.26435
0.261545;0.26443
0.262455;0.264487
0.26291;0.264631
0.263365;0.265098
0.263819;0.265152
0.263819;0.265364
0.264729;0.265539
0.265184;0.265962
0.265184;0.26597
0.265184;0.266139
0.265184;0.26621
0.265639;0.266429
0.265639;0.266511
0.266094;0.267068
0.266549;0.267153
0.266549;0.267163
0.267458;0.267898
0.267458;0.267909
0.267458;0.268033
0.267458;0.268146
0.267458;0.268157
0.267913;0.268163
0.267913;0.268217
0.267913;0.268288
0.268368;0.268342
0.269278;0.268342
0.269733;0.268342
0.270642;0.2684
0.270642;0.268446
0.271097;0.268764
0.271097;0.268948
0.272007;0.269219
0.272007;0.269406
0.272007;0.269615
0.272007;0.269808
0.272462;0.269821
0.272462;0.270034
0.272917;0.270049
0.272917;0.27011
0.272917;0.270346
0.273372;0.270433
0.273826;0.270557
0.274281;0.270638
0.274736;0.2714
0.275191;0.271406
0.275191;0.271565
0.275191;0.271916
0.275646;0.271998
0.276101;0.272091
0.276101;0.272611
0.276101;0.272642
0.27701;0.27315
0.277465;0.27329
0.27792;0.273334
0.27792;0.273407
0.27792;0.273513
0.278375;0.273609
0.278375;0.273664
0.27883;0.274244
0.27883;0.274815
0.27974;0.275023
0.280194;0.275103
0.280194;0.275123
0.281104;0.275308
0.281104;0.275321
0.281104;0.275719
0.281559;0.275761
0.282014;0.275798
0.282014;0.276422
0.282469;0.276682
0.283378;0.276894
0.283378;0.277398
0.283378;0.277437
0.283833;0.277459
0.284288;0.277467
0.284743;0.277503
0.285653;0.277533
0.285653;0.277591
0.285653;0.277628
0.286108;0.277762
0.286563;0.277785
0.286563;0.277983
0.286563;0.278007
0.287017;0.278272
0.287017;0.2783
0.287017;0.2788
0.287472;0.278943
0.287927;0.279109
0.288382;0.27919
0.288382;0.279328
0.288382;0.279713
0.288837;0.280016
0.289292;0.28019
0.290201;0.280343
0.290201;0.280493
0.290656;0.28071
0.290656;0.280787
0.291111;0.280869
0.291111;0.280938
0.291111;0.281082
0.291111;0.281417
0.291566;0.282004
0.291566;0.282037
0.291566;0.282218
0.292021;0.282336
0.292476;0.28245
0.292931;0.282521
0.293385;0.282539
0.293385;0.28272
0.29384;0.282847
0.29384;0.282923
0.29384;0.283395
0.29384;0.283798
0.294295;0.284068
0.294295;0.284392
0.294295;0.284414
0.29475;0.284683
0.29475;0.284781
0.295205;0.285209
0.295205;0.285488
0.29566;0.285522
0.29566;0.285564
0.296115;0.28602
0.296569;0.286028
0.297479;0.286083
0.297934;0.286152
0.297934;0.286423
0.298389;0.28668
0.298844;0.286703
0.298844;0.286703
0.299299;0.286703
0.299299;0.286703
0.299299;0.286703
0.300208;0.286703
0.300208;0.286703
0.300208;0.286703
0.300663;0.286703
0.300663;0.286703
0.301118;0.286703
0.301118;0.286703
0.301118;0.286703
0.301573;0.286733
0.302028;0.286848
0.302028;0.287131
0.302483;0.28725
0.302483;0.288034
0.302483;0.288092
0.302938;0.288215
0.302938;0.288363
0.303392;0.28863
0.303847;0.288841
0.303847;0.289108
0.304302;0.2892
0.304302;0.289226
0.304757;0.289323
0.304757;0.289754
0.304757;0.289863
0.305212;0.289971
0.305212;0.290226
0.305212;0.290227
0.305212;0.290574
0.305212;0.29077
0.305667;0.290842
0.305667;0.291014
0.306121;0.291258
0.306576;0.291522
0.307031;0.291618
0.307941;0.291624
0.308396;0.291753
0.308396;0.292018
0.308396;0.29208
0.308851;0.292553
0.309306;0.292699
0.30976;0.293038
0.310215;0.293039
0.310215;0.293194
0.31067;0.293293
0.31067;0.293887
0.312035;0.294408
0.312035;0.294472
0.312944;0.295335
0.313399;0.295928
0.313399;0.296016
0.313854;0.296217
0.313854;0.296639
0.315674;0.296649
0.315674;0.297204
0.316128;0.297267
0.316128;0.297567
0.316583;0.298427
0.317948;0.298761
0.317948;0.298803
0.317948;0.298902
0.318403;0.2996
0.318403;0.299605
0.318858;0.299852
0.319313;0.300061
0.319313;0.30021
0.319767;0.300367
0.320222;0.300471
0.320222;0.300523
0.320677;0.30069
0.320677;0.300696
0.320677;0.30117
0.320677;0.301515
0.321132;0.301577
0.322497;0.30175
0.322951;0.302524
0.323406;0.302841
0.323861;0.302849
0.324316;0.303028
0.324316;0.303108
0.324771;0.303147
0.324771;0.303177
0.324771;0.303187
0.324771;0.303213
0.325226;0.304069
0.325681;0.304608
0.326135;0.304613
0.327045;0.304726
0.327045;0.304856
0.3275;0.305047
0.3275;0.305299
0.327955;0.305299
0.32841;0.305494
0.32841;0.305687
0.329319;0.305687
0.329319;0.305687
0.329774;0.305944
0.329774;0.306231
0.330229;0.306315
0.330684;0.306316
0.330684;0.306444
0.330684;0.306986
0.331139;0.307085
0.331594;0.307168
0.332049;0.307223
0.332958;0.308363
0.332958;0.308544
0.332958;0.308549
0.333413;0.308798
0.333413;0.308996
0.333868;0.309148
0.333868;0.309484
0.333868;0.309498
0.334323;0.309561
0.335233;0.309607
0.335233;0.309624
0.335687;0.310126
0.335687;0.310537
0.335687;0.31121
0.336142;0.311597
0.336142;0.311727
0.336142;0.312748
0.336597;0.312858
0.336597;0.31296
0.337052;0.313311
0.337052;0.313365
0.337052;0.313625
0.337052;0.313753
0.337507;0.313875
0.337507;0.314417
0.337507;0.314555
0.337507;0.31461
0.337962;0.314964
0.338417;0.315314
0.338872;0.315577
0.338872;0.315589
0.339326;0.315738
0.339326;0.315957
0.339326;0.316332
0.341146;0.316405
0.341146;0.316447
0.341146;0.316815
0.341601;0.317286
0.341601;0.31781
0.341601;0.318042
0.341601;0.318415
0.342056;0.318575
0.34251;0.319294
0.34342;0.31979
0.343875;0.320035
0.344785;0.320138
0.344785;0.320152
0.34524;0.32062
0.346149;0.32086
0.346149;0.320932
0.346604;0.321576
0.346604;0.321696
0.347059;0.322078
0.347059;0.322259
0.347514;0.323766
0.347514;0.324357
0.347969;0.324751
0.347969;0.324803
0.348424;0.324974
0.348424;0.325135
0.348878;0.325296
0.349333;0.325296
0.349788;0.325296
0.349788;0.325296
0.349788;0.325296
0.350243;0.325296
0.350698;0.325296
0.350698;0.325296
0.351153;0.325296
0.351608;0.325704
0.352062;0.325748
0.352062;0.32589
0.352062;0.326195
0.352517;0.326408
0.352517;0.326412
0.352972;0.326568
0.353882;0.326671
0.353882;0.326922
0.354337;0.327189
0.354337;0.327214
0.354792;0.327392
0.355247;0.32754
0.355701;0.327869
0.355701;0.327946
0.356156;0.328416
0.356156;0.329619
0.356611;0.329871
0.356611;0.330166
0.357066;0.330737
0.357521;0.330776
0.357521;0.331585
0.357521;0.331913
0.357976;0.332761
0.357976;0.332899
0.358431;0.33303
0.358431;0.33328
0.358885;0.333905
0.358885;0.334167
0.35934;0.334315
0.35934;0.33435
0.35934;0.334717
0.359795;0.334777
0.359795;0.335035
0.359795;0.33516
0.36025;0.335318
0.360705;0.335335
0.36116;0.335529
0.36116;0.335779
0.361615;0.336053
0.361615;0.336266
0.362069;0.336336
0.362524;0.336377
0.362524;0.336408
0.362524;0.336595
0.362979;0.336642
0.362979;0.336752
0.362979;0.336781
0.362979;0.33705
0.363434;0.337353
0.363434;0.337362
0.363889;0.337793
0.364799;0.338313
0.364799;0.338494
0.364799;0.339012
0.365253;0.339155
0.365253;0.339284
0.365708;0.339356
0.366163;0.339472
0.366163;0.339475
0.366163;0.339529
0.367073;0.339847
0.367073;0.340008
0.367528;0.340033
0.367983;0.340455
0.368437;0.34086
0.368437;0.341517
0.368437;0.341863
0.368892;0.341928
0.369347;0.342132
0.369802;0.342222
0.369802;0.342228
0.369802;0.342328
0.370712;0.34244
0.370712;0.342662
0.370712;0.342783
0.371167;0.343175
0.371622;0.344159
0.372076;0.344515
0.372531;0.344932
0.372531;0.345105
0.372531;0.345385
0.372531;0.345449
0.372531;0.345493
0.372986;0.345531
0.372986;0.345531
0.372986;0.345531
0.373896;0.345531
0.373896;0.345531
0.374351;0.345531
0.37526;0.345531
0.375715;0.345641
0.37617;0.345809
0.376625;0.346058
0.377535;0.346151
0.378444;0.346174
0.378444;0.34652
0.378444;0.346609
0.378444;0.346738
0.378899;0.346755
0.378899;0.347495
0.378899;0.347804
0.379809;0.348138
0.379809;0.34869
0.379809;0.349514
0.379809;0.350014
0.380264;0.350177
0.380264;0.35026
0.380264;0.350464
0.380719;0.350507
0.380719;0.350544
0.380719;0.350956
0.381174;0.35113
0.382083;0.35126
0.382538;0.351307
0.382993;0.351422
0.383448;0.351471
0.383903;0.3517
0.385267;0.351827
0.385267;0.351947
0.385267;0.352368
0.385267;0.352458
0.385722;0.352565
0.386177;0.352625
0.386177;0.352865
0.386632;0.353063
0.386632;0.353203
0.387087;0.353343
0.387997;0.353371
0.388451;0.353806
0.388451;0.353864
0.388451;0.354055
0.389361;0.355141
0.389816;0.355167
0.389816;0.355169
0.390271;0.355258
0.390726;0.35618
0.391181;0.356278
0.391181;0.356647
0.391181;0.356995
0.391181;0.357096
0.391635;0.357184
0.391635;0.357227
0.39209;0.357308
0.393;0.357423
0.393;0.357946
0.393;0.357965
0.393;0.357992
0.393455;0.358121
0.393455;0.358565
0.393455;0.359545
0.393455;0.359915
0.393455;0.360437
0.39391;0.36104
0.39391;0.361095
0.39391;0.361097
0.394819;0.361705
0.394819;0.361788
0.394819;0.361805
0.394819;0.361959
0.395274;0.362001
0.395274;0.363052
0.395729;0.36308
0.395729;0.363494
0.396184;0.364066
0.396184;0.364067
0.396184;0.364256
0.396639;0.364288
0.397094;0.364377
0.397549;0.364494
0.397549;0.364836
0.398003;0.364952
0.398003;0.365478
0.398458;0.366258
0.398458;0.366392
0.398913;0.366392
0.398913;0.366392
0.398913;0.366392
0.398913;0.366392
0.399368;0.366392
0.399368;0.366392
0.399823;0.366392
0.399823;0.366392
0.399823;0.366392
0.399823;0.366392
0.400278;0.366392
0.400733;0.366392
0.401188;0.36641
0.401188;0.366449
0.401188;0.366631
0.401642;0.366738
0.401642;0.366739
0.401642;0.366777
0.402097;0.366952
0.402552;0.367042
0.403007;0.368105
0.403462;0.369037
0.403462;0.369097
0.403462;0.369179
0.404372;0.369567
0.404372;0.369845
0.404826;0.37013
0.405281;0.370314
0.405736;0.370454
0.405736;0.37105
0.406191;0.371068
0.406191;0.37108
0.406191;0.371243
0.406646;0.371421
0.406646;0.371555
0.40801;0.371712
0.408465;0.372584
0.408465;0.373287
0.408465;0.373349
0.40892;0.373803
0.40892;0.374092
0.409375;0.374326
0.40983;0.374349
0.41074;0.374706
0.41074;0.37539
0.411194;0.375651
0.411649;0.375758
0.411649;0.376124
0.412104;0.376319
0.412104;0.376337
0.413924;0.376653
0.415288;0.377676
0.415288;0.377939
0.415288;0.377995
0.417108;0.378139
0.417108;0.378679
0.417108;0.378739
0.417562;0.37883
0.418472;0.378993
0.418927;0.378994
0.419837;0.378999
0.420747;0.379135
0.420747;0.379154
0.421201;0.379292
0.421656;0.379428
0.421656;0.379445
0.422111;0.37956
0.423021;0.379722
0.423476;0.379905
0.423931;0.379939
0.424385;0.380006
0.424385;0.380121
0.42484;0.38034
0.42484;0.380348
0.42666;0.380393
0.42666;0.380779
0.427115;0.38082
0.427569;0.380828
0.427569;0.380889
0.427569;0.38112
0.428024;0.381357
0.428024;0.381679
0.428479;0.38171
0.428479;0.38201
0.428479;0.382188
0.428479;0.382359
0.428934;0.383864
0.428934;0.384127
0.428934;0.3842
0.429389;0.384373
0.429389;0.384407
0.429844;0.384655
0.430299;0.385617
0.430299;0.385632
0.430299;0.38577
0.430753;0.385809
0.430753;0.385905
0.431208;0.385934
0.431208;0.386679
0.431208;0.387038
0.431208;0.3872
0.431663;0.387458
0.432118;0.38788
0.432118;0.38788
0.432118;0.38788
0.432573;0.388386
0.433483;0.388884
0.433937;0.389626
0.433937;0.389712
0.434392;0.389897
0.434392;0.390033
0.434847;0.390646
0.435302;0.39065
0.435302;0.390673
0.436212;0.391069
0.436667;0.391147
0.437122;0.391359
0.437576;0.392034
0.438031;0.392326
0.438031;0.392356
0.438031;0.392643
0.438486;0.393083
0.438486;0.393495
0.438941;0.393566
0.438941;0.393844
0.438941;0.394095
0.439851;0.394095
0.439851;0.394169
0.441215;0.394391
0.441215;0.394448
0.442125;0.394506
0.442125;0.394666
0.44258;0.395358
0.44258;0.395394
0.44258;0.395438
0.44349;0.395812
0.44349;0.396366
0.44349;0.396691
0.44349;0.397684
0.443944;0.398328
0.444399;0.398592
0.444399;0.399606
0.444854;0.399804
0.445309;0.399843
0.445309;0.399869
0.445764;0.400413
0.445764;0.40067
0.446674;0.400714
0.447128;0.401509
0.448038;0.401559
0.448038;0.401884
0.448493;0.402283
0.448948;0.402299
0.449403;0.402435
0.449403;0.402481
0.449403;0.403366
0.449403;0.403639
0.450312;0.403791
0.451222;0.403931
0.451222;0.404428
0.451677;0.404481
0.451677;0.404879
0.453042;0.40503
0.453042;0.406515
0.453951;0.407222
0.454406;0.40741
0.454406;0.407851
0.455316;0.407866
0.455316;0.408019
0.455771;0.408579
0.455771;0.408731
0.456226;0.408758
0.456226;0.408862
0.456681;0.408937
0.456681;0.40923
0.45759;0.409996
0.45759;0.409996
0.458045;0.409996
0.458955;0.409996
0.458955;0.409996
0.459865;0.410392
0.460774;0.410712
0.461229;0.410906
0.461229;0.410933
0.461684;0.411555
0.462139;0.411778
0.462139;0.412103
0.462139;0.412415
0.462594;0.412473
0.462594;0.413492
0.462594;0.413685
0.462594;0.414104
0.462594;0.414161
0.462594;0.414526
0.463049;0.414545
0.463049;0.414862
0.463958;0.415257
0.464413;0.415259
0.464868;0.417146
0.464868;0.4177
0.465323;0.417715
0.466688;0.417795
0.466688;0.418158
0.467597;0.418511
0.467597;0.418566
0.467597;0.418699
0.468052;0.419737
0.468507;0.419901
0.468962;0.420047
0.468962;0.420206
0.468962;0.420321
0.468962;0.420356
0.469417;0.420773
0.469417;0.420836
0.469417;0.420852
0.469417;0.421129
0.470326;0.421244
0.470326;0.421673
0.471236;0.422044
0.471236;0.422285
0.471691;0.422573
0.472146;0.422675
0.472601;0.422944
0.472601;0.423292
0.472601;0.423439
0.473056;0.423824
0.473056;0.423825
0.47351;0.42388
0.47351;0.424572
0.47442;0.424963
0.474875;0.425058
0.47533;0.425527
0.47533;0.42556
0.475785;0.425855
0.475785;0.426151
0.47624;0.426446
0.47624;0.426587
0.47624;0.426653
0.47624;0.427045
0.476694;0.427055
0.477149;0.427567
0.477604;0.427939
0.477604;0.428065
0.477604;0.428178
0.478059;0.428266
0.478059;0.428298
0.478969;0.428304
0.478969;0.428605
0.479424;0.428831
0.479878;0.428984
0.480788;0.429428
0.480788;0.429438
0.481243;0.429696
0.481243;0.430197
0.481698;0.43028
0.482153;0.430316
0.482153;0.430869
0.482608;0.430989
0.482608;0.431539
0.483063;0.431704
0.483063;0.431906
0.483063;0.431955
0.483063;0.432318
0.483063;0.43247
0.483063;0.432742
0.483517;0.432742
0.483517;0.432742
0.483972;0.433941
0.484882;0.434409
0.486247;0.434653
0.486247;0.43471
0.487611;0.434844
0.487611;0.434936
0.488066;0.435341
0.488521;0.43573
0.488976;0.43585
0.488976;0.435935
0.488976;0.436493
0.488976;0.437009
0.488976;0.437062
0.488976;0.437171
0.488976;0.437354
0.489431;0.437987
0.489431;0.438323
0.489885;0.438694
0.489885;0.439372
0.490795;0.43962
0.49125;0.440111
0.49125;0.440261
0.491705;0.440294
0.49216;0.44037
0.49216;0.440634
0.492615;0.440877
0.493069;0.442054
0.493979;0.444259
0.493979;0.444526
0.493979;0.444811
0.494889;0.446127
0.494889;0.446432
0.495799;0.44644
0.495799;0.446533
0.496253;0.446606
0.496253;0.447143
0.497618;0.447387
0.497618;0.448065
0.498073;0.448081
0.498528;0.448151
0.498528;0.448334
0.498983;0.448472
0.498983;0.4485
0.499438;0.4486
0.499438;0.448604
0.499438;0.448776
0.499892;0.448866
0.500802;0.448871
0.500802;0.448892
0.501257;0.449752
0.501257;0.450079
0.501712;0.450177
0.501712;0.450454
0.502167;0.450489
0.502167;0.450732
0.502622;0.450942
0.502622;0.451027
0.503531;0.451654
0.503531;0.452131
0.503531;0.452261
0.503986;0.452374
0.503986;0.452898
0.503986;0.454126
0.503986;0.454394
0.504441;0.454565
0.505351;0.454837
0.505351;0.455213
0.505806;0.455398
0.505806;0.455614
0.50626;0.455738
0.506715;0.456102
0.506715;0.456118
0.507625;0.456118
0.507625;0.456125
0.50808;0.456128
0.50808;0.456213
0.50808;0.456377
0.508535;0.456441
0.509899;0.456469
0.509899;0.457994
0.510809;0.458279
0.511264;0.458293
0.511264;0.458333
0.511719;0.459112
0.512628;0.459584
0.513083;0.459602
0.513538;0.459729
0.513993;0.459842
0.514448;0.460024
0.514448;0.460193
0.514903;0.460294
0.514903;0.460446
0.515358;0.460446
0.515358;0.46046
0.515812;0.460839
0.515812;0.461114
0.516267;0.461924
0.517177;0.462051
0.517632;0.46208
0.517632;0.462701
0.517632;0.46276
0.518087;0.463183
0.518542;0.463281
0.518542;0.463326
0.519451;0.463419
0.519906;0.463549
0.519906;0.463687
0.520361;0.463971
0.520816;0.464228
0.521271;0.46463
0.521271;0.464726
0.521271;0.464893
0.521726;0.465028
0.521726;0.465055
0.521726;0.465804
0.521726;0.465948
0.521726;0.466609
0.522181;0.466737
0.522635;0.466764
0.522635;0.467759
0.522635;0.468608
0.52309;0.469293
0.524455;0.46988
0.52491;0.470284
0.52491;0.471327
0.525365;0.471529
0.525365;0.471896
0.525819;0.472182
0.526274;0.472704
0.526274;0.473609
0.526729;0.47362
0.527184;0.4744
0.527184;0.475069
0.527639;0.475514
0.527639;0.475725
0.528094;0.475812
0.529003;0.476326
0.529003;0.476489
0.529458;0.476834
0.529913;0.477356
0.530368;0.477716
0.530368;0.477909
0.531733;0.477935
0.531733;0.4792
0.532187;0.479579
0.532642;0.480124
0.533552;0.480124
0.533552;0.480124
0.534007;0.480124
0.534007;0.480124
0.534462;0.480124
0.534917;0.4802
0.534917;0.480238
0.534917;0.480263
0.535372;0.48041
0.536281;0.48058
0.536281;0.480658
0.537191;0.480978
0.537191;0.481107
0.537646;0.481161
0.537646;0.481213
0.537646;0.48145
0.538101;0.48193
0.539465;0.48271
0.539465;0.482966
0.540375;0.483331
0.540375;0.483437
0.54083;0.48344
0.54083;0.483452
0.541285;0.483971
0.54174;0.484024
0.542194;0.48445
0.543104;0.484545
0.544014;0.484651
0.544014;0.484988
0.544924;0.485047
0.545378;0.485096
0.545378;0.485494
0.545833;0.486358
0.546288;0.487118
0.546288;0.487204
0.546288;0.487713
0.546743;0.48774
0.546743;0.48795
0.547198;0.488023
0.547653;0.488047
0.548108;0.488252
0.548108;0.488954
0.549017;0.48966
0.549472;0.489735
0.549472;0.490236
0.549472;0.490447
0.549927;0.490736
0.549927;0.491125
0.550837;0.491182
0.551292;0.491845
0.551747;0.492115
0.551747;0.49227
0.552201;0.492927
0.552201;0.493898
0.552201;0.494863
0.552656;0.494925
0.553566;0.495389
0.553566;0.495396
0.554021;0.495418
0.554021;0.495759
0.554476;0.495784
0.554476;0.496544
0.554476;0.496609
0.554931;0.496974
0.55584;0.497842
0.556295;0.497994
0.557205;0.498293
0.557205;0.499037
0.55766;0.499542
0.55766;0.499637
0.558115;0.499839
0.558115;0.499841
0.558115;0.499858
0.558569;0.499908
0.559024;0.500295
0.559024;0.500394
0.560389;0.500635
0.560389;0.500673
0.560844;0.502606
0.560844;0.502633
0.561753;0.502683
0.562208;0.503428
0.562208;0.503475
0.562663;0.503778
0.563573;0.503857
0.564028;0.503918
0.564028;0.503977
0.564937;0.504498
0.565847;0.504762
0.566302;0.504762
0.566302;0.505485
0.566302;0.505896
0.566757;0.505906
0.566757;0.50624
0.567212;0.506544
0.567667;0.506666
0.568121;0.507253
0.568576;0.507297
0.569031;0.507681
0.569941;0.507942
0.570396;0.508069
0.570396;0.508085
0.570396;0.508417
0.570396;0.508443
0.570851;0.508564
0.570851;0.508763
0.571306;0.509089
0.572215;0.5093
0.572215;0.509318
0.572215;0.509474
0.57267;0.509538
0.57267;0.510126
0.57267;0.510205
0.573125;0.510275
0.573125;0.510408
0.573125;0.510524
0.57449;0.510563
0.574944;0.511003
0.575399;0.511003
0.576309;0.511351
0.576309;0.511556
0.576764;0.511937
0.576764;0.512119
0.576764;0.512329
0.576764;0.513372
0.576764;0.513767
0.576764;0.515331
0.577219;0.515375
0.577219;0.515566
0.578128;0.5157
0.578128;0.515891
0.578128;0.516443
0.578128;0.516704
0.578583;0.517022
0.578583;0.517157
0.579038;0.517194
0.579493;0.517292
0.579948;0.51793
0.579948;0.518162
0.580403;0.518256
0.580403;0.518361
0.580403;0.518366
0.580858;0.518674
0.580858;0.518973
0.580858;0.519229
0.581312;0.519337
0.581767;0.519484
0.582222;0.519535
0.582222;0.51997
0.582677;0.520048
0.583132;0.520357
0.583587;0.521098
0.584042;0.521253
0.584496;0.521328
0.584496;0.521625
0.584951;0.522551
0.584951;0.523119
0.585406;0.523191
0.585861;0.523454
0.585861;0.523598
0.586771;0.523794
0.587226;0.524455
0.587681;0.524928
0.587681;0.525133
0.587681;0.525312
0.588135;0.525404
0.589955;0.525604
0.589955;0.525908
0.59041;0.526008
0.591319;0.526156
0.591319;0.526786
0.591319;0.526952
0.592229;0.527155
0.592684;0.527398
0.593139;0.527973
0.594049;0.528068
0.594503;0.528527
0.594503;0.528548
0.595413;0.528702
0.595413;0.529566
0.595413;0.530033
0.595868;0.530033
0.595868;0.530033
0.596323;0.530092
0.596778;0.530519
0.596778;0.531231
0.597233;0.532127
0.597233;0.532389
0.598597;0.532496
0.598597;0.532609
0.599052;0.533082
0.599507;0.533344
0.599507;0.533784
0.599962;0.533886
0.599962;0.534432
0.600872;0.534718
0.601781;0.536104
0.603146;0.536595
0.603146;0.537315
0.603601;0.538445
0.603601;0.538745
0.604056;0.5394
0.604056;0.539458
0.60451;0.540438
0.604965;0.540837
0.604965;0.540912
0.605875;0.541152
0.605875;0.541533
0.605875;0.541689
0.605875;0.541803
0.60633;0.541985
0.60724;0.542617
0.60724;0.543643
0.607694;0.543727
0.608149;0.544522
0.608149;0.544889
0.608149;0.545157
0.608604;0.545164
0.608604;0.54632
0.609059;0.546369
0.609514;0.54663
0.609969;0.546698
0.609969;0.547037
0.609969;0.54722
0.609969;0.547889
0.611788;0.548247
0.611788;0.549346
0.611788;0.549448
0.613153;0.549873
0.613153;0.550791
0.613608;0.551158
0.614517;0.551211
0.614517;0.551241
0.614517;0.551564
0.614517;0.551773
0.614972;0.55253
0.614972;0.552831
0.615427;0.552956
0.616337;0.552974
0.617701;0.553209
0.618611;0.553665
0.619521;0.553704
0.619521;0.553893
0.62134;0.554117
0.62134;0.554226
0.621795;0.554858
0.62225;0.555047
0.622705;0.555148
0.62316;0.555521
0.62316;0.555936
0.624069;0.555936
0.624524;0.556359
0.624979;0.556445
0.624979;0.556582
0.625434;0.557177
0.625889;0.557715
0.626344;0.557922
0.629073;0.558398
0.629073;0.558443
0.629983;0.558491
0.630437;0.559651
0.631347;0.559702
0.631347;0.560267
0.631802;0.5607
0.631802;0.5611
0.632257;0.561771
0.632712;0.561931
0.633622;0.561968
0.633622;0.562117
0.634076;0.563068
0.634076;0.563321
0.634986;0.563637
0.635896;0.565246
0.636351;0.565415
0.636351;0.565452
0.636806;0.565912
0.63726;0.566365
0.637715;0.566569
0.637715;0.566834
0.638625;0.566947
0.638625;0.567033
0.63908;0.56789
0.639535;0.567977
0.63999;0.568282
0.63999;0.568338
0.640444;0.569237
0.640899;0.56945
0.641354;0.56964
0.641809;0.570186
0.642264;0.570769
0.642264;0.570815
0.642719;0.570933
0.643174;0.57248
0.643174;0.572802
0.643628;0.573365
0.644083;0.573838
0.644538;0.574359
0.644538;0.574461
0.644993;0.575295
0.644993;0.575491
0.645448;0.575609
0.645903;0.575774
0.645903;0.576188
0.646812;0.577867
0.649087;0.57813
0.649542;0.578256
0.649542;0.578296
0.649997;0.578562
0.649997;0.578852
0.650906;0.579121
0.650906;0.579341
0.651361;0.579842
0.651816;0.580357
0.651816;0.580484
0.651816;0.580506
0.652271;0.580543
0.652726;0.580769
0.653181;0.580815
0.655;0.58083
0.65591;0.580877
0.656365;0.582096
0.656819;0.582474
0.656819;0.582474
0.658639;0.582474
0.658639;0.582474
0.659094;0.582653
0.660003;0.582787
0.660913;0.582891
0.660913;0.583188
0.660913;0.583487
0.660913;0.583488
0.660913;0.583629
0.661368;0.584849
0.661368;0.585093
0.661368;0.585167
0.661368;0.586615
0.662278;0.58784
0.663642;0.587873
0.664097;0.587873
0.664552;0.587873
0.664552;0.5883
0.664552;0.588304
0.665007;0.588421
0.665462;0.589371
0.665462;0.590229
0.666372;0.590356
0.666826;0.590559
0.666826;0.591547
0.667281;0.59177
0.668191;0.591861
0.668646;0.592263
0.669101;0.592791
0.669101;0.592979
0.669556;0.59345
0.67001;0.593532
0.670465;0.594165
0.670465;0.59451
0.67183;0.594906
0.67183;0.595086
0.672285;0.595607
0.673194;0.595727
0.673194;0.596421
0.673649;0.596536
0.674559;0.596545
0.675469;0.596624
0.675469;0.597102
0.678198;0.597474
0.678198;0.598573
0.678198;0.598868
0.678653;0.599281
0.679562;0.59945
0.679562;0.599846
0.680472;0.599997
0.680927;0.600103
0.680927;0.600241
0.680927;0.600358
0.681837;0.600497
0.681837;0.601207
0.683201;0.60134
0.683201;0.601897
0.683656;0.601942
0.683656;0.602161
0.685021;0.602483
0.685021;0.602659
0.685476;0.602748
0.685931;0.602991
0.686385;0.603952
0.68775;0.604218
0.68775;0.604543
0.68866;0.605045
0.68866;0.606083
0.689115;0.60659
0.689115;0.607403
0.689115;0.609246
0.689115;0.609428
0.689569;0.609556
0.689569;0.609647
0.689569;0.609647
0.690024;0.609831
0.690934;0.609871
0.691389;0.609897
0.691389;0.610243
0.694118;0.610605
0.694573;0.610633
0.695483;0.610929
0.695483;0.610987
0.696392;0.612537
0.696847;0.612992
0.697302;0.613596
0.698667;0.613698
0.698667;0.613847
0.698667;0.614819
0.698667;0.61483
0.700486;0.614906
0.70276;0.614907
0.70276;0.615345
0.703215;0.6156
0.70367;0.615736
0.70367;0.616072
0.70367;0.616248
0.704125;0.617358
0.704125;0.618296
0.70458;0.618468
0.70458;0.619289
0.705035;0.619571
0.70549;0.620534
0.705944;0.620769
0.706399;0.620885
0.706854;0.621181
0.707309;0.621648
0.707764;0.621864
0.709128;0.622042
0.709128;0.622132
0.709583;0.622143
0.710493;0.622447
0.710493;0.622447
0.710948;0.622883
0.711403;0.623214
0.711858;0.623528
0.711858;0.623767
0.712312;0.623926
0.713222;0.624188
0.713677;0.624737
0.713677;0.625608
0.714132;0.626243
0.715951;0.628118
0.716861;0.628123
0.718226;0.629788
0.719135;0.630299
0.719135;0.631377
0.719135;0.632124
0.71959;0.632408
0.71959;0.632518
0.71959;0.632813
0.7205;0.632916
0.7205;0.63292
0.720955;0.633317
0.721865;0.633836
0.722319;0.633883
0.722774;0.634492
0.722774;0.634748
0.722774;0.636788
0.724139;0.636836
0.724139;0.637455
0.725049;0.637455
0.725503;0.638375
0.725958;0.638675
0.726413;0.639025
0.726868;0.639606
0.728233;0.63983
0.728687;0.640626
0.729142;0.641807
0.729142;0.6429
0.729142;0.643085
0.729597;0.643507
0.729597;0.644365
0.730052;0.644477
0.730507;0.644541
0.730507;0.645142
0.731871;0.645158
0.731871;0.645382
0.732781;0.64569
0.733236;0.645763
0.733236;0.64628
0.733691;0.646434
0.733691;0.646701
0.734146;0.646985
0.735056;0.647425
0.73551;0.648405
0.735965;0.648427
0.735965;0.648701
0.73642;0.649344
0.73733;0.649389
0.737785;0.649446
0.738694;0.649704
0.739149;0.64971
0.739149;0.650001
0.739149;0.650237
0.739604;0.65031
0.740059;0.65094
0.740059;0.651084
0.740514;0.651461
0.740514;0.652269
0.740514;0.653112
0.740514;0.653717
0.740969;0.653955
0.741424;0.655223
0.742788;0.655225
0.742788;0.65574
0.743243;0.655913
0.743243;0.656135
0.743698;0.65641
0.743698;0.656482
0.745972;0.657496
0.746882;0.657728
0.746882;0.658119
0.747337;0.658266
0.747337;0.659118
0.747792;0.659459
0.748246;0.659539
0.748701;0.660095
0.749156;0.660317
0.749156;0.660636
0.750066;0.661036
0.750066;0.661402
0.750521;0.662574
0.751885;0.66562
0.75234;0.6659
0.75234;0.6659
0.753705;0.6659
0.754615;0.666043
0.755979;0.666341
0.755979;0.668503
0.755979;0.669098
0.756434;0.669979
0.756434;0.670074
0.756889;0.6701
0.757344;0.670311
0.759618;0.670459
0.760528;0.670756
0.761437;0.672668
0.761437;0.67281
0.761892;0.673146
0.762347;0.673167
0.762802;0.674569
0.763257;0.674608
0.763257;0.675048
0.763712;0.675493
0.763712;0.675959
0.764167;0.676409
0.765076;0.676441
0.765531;0.676459
0.765986;0.676517
0.766441;0.67711
0.766896;0.677566
0.767351;0.67762
0.767806;0.678285
0.767806;0.678357
0.767806;0.678569
0.76826;0.679339
0.768715;0.681346
0.76917;0.681848
0.76917;0.682626
0.76917;0.683664
0.77099;0.684429
0.77099;0.685082
0.773719;0.685455
0.775083;0.685943
0.775083;0.687027
0.775083;0.687032
0.775538;0.688219
0.775538;0.689663
0.775993;0.689857
0.776448;0.691034
0.776448;0.69289
0.776903;0.694039
0.777358;0.694125
0.779177;0.696747
0.779177;0.696778
0.779632;0.697063
0.780087;0.697122
0.780087;0.697264
0.780997;0.6974
0.782816;0.697467
0.783271;0.698913
0.783726;0.699172
0.784181;0.700023
0.784635;0.700447
0.78509;0.701093
0.785545;0.701455
0.78691;0.702166
0.787819;0.702191
0.788274;0.703523
0.789184;0.703523
0.790094;0.703523
0.791003;0.703523
0.791458;0.703523
0.793733;0.70432
0.794187;0.704583
0.794642;0.705114
0.795097;0.705928
0.796007;0.706586
0.796917;0.707943
0.796917;0.708681
0.799646;0.709277
0.801465;0.709311
0.80192;0.710173
0.80283;0.710177
0.805559;0.710298
0.808743;0.710724
0.809198;0.710947
0.809198;0.712366
0.809653;0.712624
0.810562;0.714633
0.810562;0.715745
0.811017;0.715818
0.811927;0.715829
0.812382;0.71618
0.812382;0.720482
0.812837;0.721344
0.813747;0.723102
0.813747;0.723825
0.814201;0.72386
0.814201;0.72436
0.814656;0.7246
0.814656;0.72463
0.815566;0.724657
0.816021;0.724768
0.816476;0.725889
0.816931;0.725916
0.818295;0.72609
0.818295;0.727086
0.819205;0.727147
0.819205;0.729701
0.819205;0.729738
0.81966;0.731183
0.821024;0.733427
0.821934;0.733787
0.821934;0.733808
0.822389;0.734511
0.822389;0.734761
0.822844;0.735296
0.824208;0.735597
0.824208;0.737175
0.824663;0.738764
0.826483;0.738805
0.827392;0.741698
0.827847;0.742117
0.827847;0.742512
0.829212;0.742766
0.829667;0.743281
0.830122;0.743505
0.831486;0.745775
0.831941;0.747242
0.831941;0.747432
0.832396;0.747658
0.832851;0.750565
0.83376;0.750565
0.834215;0.750565
0.835125;0.750565
0.836035;0.750565
0.836944;0.750565
0.836944;0.7509
0.837399;0.751918
0.837399;0.752586
0.837399;0.753583
0.837854;0.75384
0.837854;0.754448
0.838309;0.755578
0.838764;0.75615
0.839674;0.756158
0.840128;0.757266
0.840583;0.759198
0.840583;0.7597
0.841038;0.760013
0.841493;0.760177
0.841493;0.760504
0.842858;0.761114
0.843312;0.76145
0.843312;0.762156
0.844677;0.762308
0.846496;0.764274
0.846496;0.76498
0.846951;0.768643
0.847406;0.769248
0.847861;0.769309
0.848316;0.769379
0.848771;0.76975
0.848771;0.769997
0.849681;0.770526
0.850135;0.770601
0.851045;0.771262
0.8515;0.771917
0.851955;0.772868
0.85241;0.77379
0.853319;0.774265
0.853774;0.774809
0.854229;0.775393
0.854684;0.776524
0.855139;0.776576
0.856503;0.77695
0.856503;0.777183
0.856503;0.777579
0.856503;0.777859
0.856958;0.778371
0.856958;0.778625
0.857868;0.781599
0.859687;0.781962
0.859687;0.783103
0.860597;0.783208
0.861962;0.783467
0.861962;0.785985
0.862417;0.786254
0.862417;0.786932
0.862871;0.788784
0.863326;0.789067
0.865146;0.789094
0.866056;0.789326
0.866056;0.790401
0.86651;0.79245
0.86651;0.793598
0.86742;0.794105
0.867875;0.795577
0.868785;0.795968
0.86924;0.796738
0.870149;0.797363
0.870149;0.797757
0.870604;0.797801
0.870604;0.797851
0.871514;0.798027
0.871969;0.798675
0.872878;0.798889
0.875608;0.799852
0.876062;0.800079
0.876972;0.801476
0.877882;0.802456
0.877882;0.802494
0.879701;0.803095
0.880611;0.803173
0.881066;0.803254
0.881521;0.803959
0.881521;0.804817
0.881521;0.804872
0.881976;0.805537
0.88334;0.805723
0.883795;0.805829
0.884705;0.805978
0.88516;0.807637
0.886524;0.80772
0.887434;0.807811
0.887889;0.80799
0.887889;0.808391
0.888344;0.808525
0.890618;0.808546
0.891528;0.80969
0.891528;0.809966
0.891983;0.810332
0.894257;0.810849
0.894257;0.811138
0.894712;0.811374
0.895167;0.81355
0.895167;0.814628
0.896076;0.815664
0.896531;0.816265
0.897441;0.816575
0.897441;0.816677
0.897896;0.817003
0.898351;0.81701
0.898351;0.817605
0.898351;0.818593
0.898805;0.819028
0.89926;0.820099
0.90017;0.820773
0.902444;0.821194
0.903809;0.821347
0.904264;0.821397
0.904719;0.822341
0.905174;0.822506
0.905174;0.824355
0.905174;0.82533
0.906993;0.825365
0.907448;0.826234
0.909722;0.82665
0.910177;0.827196
0.911087;0.827387
0.911997;0.828388
0.911997;0.828861
0.912906;0.828869
0.913816;0.82888
0.913816;0.829256
0.915635;0.829359
0.915635;0.829621
0.91609;0.829864
0.916545;0.830146
0.917;0.830446
0.91791;0.831584
0.918365;0.83253
0.918819;0.832884
0.919274;0.834701
0.919729;0.835411
0.921094;0.835552
0.921549;0.836192
0.922003;0.836359
0.922003;0.836849
0.923368;0.836886
0.923368;0.837151
0.923823;0.837373
0.924278;0.837913
0.924733;0.838167
0.924733;0.83887
0.924733;0.838931
0.927007;0.840221
0.927462;0.840775
0.927462;0.841196
0.928371;0.841583
0.928826;0.843038
0.929281;0.843114
0.930191;0.84314
0.930646;0.843197
0.931101;0.844667
0.931556;0.844774
0.931556;0.845123
0.93201;0.846123
0.933375;0.846128
0.934285;0.846518
0.93474;0.846743
0.935194;0.848085
0.937014;0.848484
0.937014;0.848484
0.937469;0.848484
0.938378;0.848913
0.938378;0.848918
0.938378;0.849059
0.938833;0.849807
0.938833;0.850069
0.939288;0.851746
0.940198;0.85312
0.940198;0.854683
0.940653;0.854844
0.940653;0.855274
0.941108;0.855459
0.941108;0.856579
0.942017;0.856902
0.942017;0.857529
0.942927;0.857638
0.943382;0.857682
0.943837;0.857714
0.943837;0.857851
0.944292;0.857885
0.944292;0.858556
0.944746;0.858631
0.944746;0.859526
0.944746;0.860222
0.945201;0.860347
0.945656;0.86035
0.946111;0.860559
0.946111;0.860779
0.946111;0.86512
0.946566;0.866178
0.947021;0.866237
0.947476;0.866266
0.947476;0.869423
0.94884;0.869996
0.94884;0.870188
0.94884;0.870694
0.94884;0.871536
0.94975;0.872875
0.94975;0.873158
0.950205;0.87353
0.95066;0.873782
0.95066;0.874789
0.952479;0.874925
0.952934;0.875516
0.954299;0.877314
0.955663;0.878254
0.955663;0.87883
0.957028;0.87895
0.957028;0.879296
0.959302;0.879375
0.960212;0.880911
0.960667;0.881007
0.961121;0.881562
0.961121;0.88324
0.961576;0.883907
0.962031;0.88407
0.962031;0.884432
0.962941;0.885327
0.963396;0.886464
0.963851;0.886713
0.96476;0.886816
0.966125;0.887094
0.96658;0.887242
0.96749;0.887749
0.967944;0.888544
0.968399;0.889538
0.969309;0.889731
0.969309;0.891367
0.970674;0.891559
0.970674;0.891772
0.972948;0.89243
0.974767;0.893087
0.975222;0.896752
0.975677;0.896825
0.976132;0.899338
0.976587;0.899338
0.977497;0.899963
0.977951;0.900105
0.978406;0.900105
0.979771;0.901066
0.979771;0.901531
0.981135;0.902278
0.981135;0.902474
0.982045;0.904102
0.98341;0.904427
0.983865;0.905824
0.983865;0.905917
0.984319;0.905963
0.984774;0.90714
0.985684;0.907782
0.986139;0.90848
0.986594;0.908847
0.987503;0.908888
0.988413;0.909169
0.989778;0.909713
0.989778;0.909843
0.990687;0.911463
0.991597;0.911578
0.992962;0.912169
0.993417;0.912184
0.997055;0.912714
0.997965;0.912854
0.99933;0.913452
1.001149;0.916022
1.001149;0.916487
1.002059;0.916596
1.002969;0.916905
1.003424;0.917218
1.003424;0.917711
1.003878;0.9181
1.004788;0.918897
1.006608;0.919683
1.007062;0.921034
1.007517;0.921579
1.007972;0.922664
1.008427;0.923238
1.009337;0.923691
1.010247;0.926726
1.01343;0.927067
1.013885;0.928741
1.014795;0.931333
1.014795;0.931865
1.017069;0.932815
1.017979;0.933797
1.017979;0.934106
1.018889;0.934447
1.019344;0.934941
1.019799;0.934944
1.020253;0.935783
1.021163;0.936149
1.022528;0.93948
1.023438;0.939628
1.024802;0.940589
1.025257;0.942947
1.027986;0.944361
1.028896;0.944571
1.028896;0.946105
1.028896;0.947108
1.029351;0.947375
1.029351;0.947824
1.029351;0.948067
1.03026;0.948458
1.03026;0.949294
1.030715;0.949992
1.031625;0.951439
1.031625;0.951439
1.03208;0.951439
1.03208;0.951439
1.033899;0.952133
1.034809;0.952661
1.035264;0.952942
1.036174;0.953
1.037538;0.953176
1.038448;0.954237
1.038903;0.954891
1.038903;0.955814
1.039812;0.955825
1.040267;0.956295
1.040722;0.956401
1.041177;0.957149
1.041632;0.957207
1.041632;0.957343
1.042087;0.958375
1.042087;0.960014
1.043451;0.960161
1.043451;0.96073
1.043906;0.960791
1.043906;0.960983
1.045726;0.961001
1.045726;0.961111
1.04618;0.961208
1.046636;0.961668
1.049365;0.962247
1.050729;0.963156
1.052094;0.964739
1.052094;0.964971
1.054368;0.965513
1.054823;0.965558
1.055278;0.965669
1.056188;0.965904
1.056642;0.966076
1.057097;0.967846
1.058007;0.969057
1.058917;0.969342
1.059371;0.970075
1.060281;0.971801
1.060281;0.97187
1.060736;0.971964
1.061191;0.972437
1.061646;0.973653
1.062101;0.973978
1.062101;0.974595
1.06392;0.975246
1.065285;0.977211
1.066649;0.97876
1.066649;0.97919
1.068469;0.979965
1.068469;0.980618
1.069378;0.982582
1.069833;0.982592
1.069833;0.982734
1.070743;0.98319
1.073017;0.983339
1.074382;0.983889
1.074837;0.983963
1.075292;0.985504
1.075747;0.987232
1.078476;0.987612
1.07984;0.988647
1.07984;0.98908
1.081205;0.989548
1.082115;0.989656
1.083934;0.989667
1.084389;0.989938
1.085299;0.99165
1.085299;0.9919
1.086208;0.992571
1.086208;0.993544
1.086663;0.994598
1.086663;0.995396
1.086663;0.997981
1.087118;0.998149
1.087118;0.998919
1.087118;0.999132
1.088028;0.999677
1.088483;0.999807
1.088483;1.000129
1.088483;1.000356
1.088938;1.000396
1.088938;1.00252
1.089392;1.003604
1.089847;1.003937
1.090302;1.004485
1.090757;1.004778
1.091667;1.004778
1.092576;1.006547
1.092576;1.006594
1.093031;1.006861
1.093941;1.006989
1.094396;1.007187
1.094851;1.007975
1.094851;1.00833
1.095306;1.008764
1.096215;1.009578
1.097125;1.01447
1.09758;1.015026
1.09849;1.015993
1.098944;1.017236
1.099854;1.017487
1.099854;1.01826
1.100309;1.021269
1.100764;1.021651
1.100764;1.023334
1.101219;1.023623
1.101674;1.024543
1.101674;1.024753
1.101674;1.024774
1.102583;1.024825
1.103493;1.025418
1.103948;1.026786
1.106222;1.02921
1.106222;1.029393
1.107587;1.030297
1.108042;1.030438
1.109406;1.030521
1.109406;1.031419
1.109861;1.031443
1.110316;1.032443
1.110771;1.033955
1.111681;1.034848
1.1135;1.036052
1.1135;1.037163
1.11441;1.037825
1.116229;1.03813
1.117139;1.038905
1.117594;1.039356
1.118049;1.040349
1.118503;1.040837
1.119868;1.041022
1.121233;1.042726
1.121688;1.043104
1.123507;1.043397
1.123962;1.043615
1.128056;1.043858
1.128056;1.045726
1.12851;1.046018
1.129875;1.046415
1.13124;1.047264
1.13124;1.047961
1.133059;1.048274
1.133514;1.048399
1.134424;1.048914
1.134878;1.050475
1.135788;1.052037
1.137153;1.052185
1.137608;1.054526
1.138062;1.054695
1.138517;1.057478
1.138972;1.059343
1.139427;1.059343
1.139882;1.059343
1.140337;1.05936
1.141701;1.059454
1.141701;1.059974
1.142156;1.060069
1.142611;1.06121
1.145795;1.061552
1.146705;1.061655
1.147615;1.062165
1.148069;1.062273
1.148979;1.063055
1.150344;1.063059
1.151253;1.06476
1.151708;1.065542
1.151708;1.066102
1.152163;1.066386
1.153983;1.067672
1.155347;1.068403
1.155802;1.068621
1.157167;1.069138
1.157167;1.072215
1.157622;1.07275
1.157622;1.074523
1.158076;1.074528
1.159896;1.075388
1.159896;1.075898
1.16126;1.077018
1.161715;1.078401
1.161715;1.078423
1.163535;1.078459
1.163535;1.078728
1.163535;1.079005
1.164899;1.079525
1.165354;1.079826
1.165809;1.080053
1.165809;1.082825
1.166719;1.083036
1.167628;1.083222
1.167628;1.083367
1.168993;1.085599
1.169448;1.085691
1.171267;1.086567
1.171722;1.087288
1.173087;1.087299
1.174451;1.087461
1.174906;1.08747
1.176271;1.088416
1.177635;1.088834
1.177635;1.089772
1.177635;1.091678
1.178545;1.092757
1.179;1.093357
1.17991;1.094774
1.17991;1.095217
1.180365;1.096267
1.181274;1.097237
1.181729;1.097411
1.184458;1.098238
1.184913;1.099509
1.184913;1.09973
1.185823;1.101096
1.185823;1.101726
1.186278;1.10261
1.186733;1.102907
1.188552;1.102945
1.188552;1.105478
1.190372;1.107364
1.190826;1.107419
1.190826;1.107681
1.191281;1.107755
1.191281;1.108543
1.191736;1.109386
1.191736;1.110199
1.193556;1.111005
1.194465;1.111646
1.196285;1.112014
1.197649;1.112176
1.198559;1.112945
1.199014;1.11355
1.199469;1.11376
1.201743;1.115079
1.204017;1.115125
1.204472;1.115125
1.204472;1.115125
1.204927;1.115125
1.205837;1.115646
1.206292;1.115833
1.206747;1.116084
1.208111;1.116229
1.208566;1.11761
1.208566;1.117872
1.209476;1.117873
1.211295;1.119809
1.21175;1.120535
1.212205;1.120572
1.212205;1.123332
1.214024;1.123793
1.215844;1.124383
1.216299;1.12472
1.217663;1.125451
1.218118;1.126186
1.218573;1.127882
1.219028;1.12999
1.219483;1.130679
1.220847;1.132077
1.223576;1.132467
1.225851;1.13331
1.22676;1.134693
1.22858;1.135894
1.22949;1.140245
1.231309;1.14064
1.231309;1.140771
1.231309;1.143656
1.234493;1.145457
1.234948;1.145942
1.235403;1.146753
1.237222;1.147278
1.239496;1.148439
1.241316;1.148944
1.241316;1.149379
1.241771;1.149906
1.242226;1.150814
1.242226;1.151184
1.242226;1.152461
1.242681;1.152581
1.244045;1.153501
1.24541;1.153837
1.245865;1.154428
1.246319;1.154735
1.247684;1.155738
1.248594;1.155934
1.249049;1.15802
1.249503;1.161595
1.251323;1.163454
1.251778;1.16371
1.252233;1.16405
1.252233;1.166357
1.253142;1.169025
1.254052;1.169894
1.254507;1.172115
1.254507;1.172115
1.256326;1.172115
1.256781;1.172115
1.257236;1.172115
1.257691;1.172115
1.259055;1.172584
1.259055;1.173122
1.259965;1.173437
1.259965;1.174342
1.26042;1.174587
1.26133;1.17476
1.262694;1.174942
1.266788;1.175157
1.267698;1.179411
1.268608;1.182239
1.269062;1.182763
1.269972;1.183724
1.269972;1.18431
1.270427;1.184606
1.270882;1.185213
1.272246;1.186613
1.272701;1.187136
1.273156;1.191571
1.273156;1.19274
1.274521;1.192777
1.27543;1.192853
1.275885;1.195289
1.27634;1.196065
1.276795;1.197433
1.277705;1.197845
1.277705;1.199207
1.277705;1.199578
1.27816;1.200216
1.27816;1.20502
1.279524;1.208714
1.279979;1.211002
1.280889;1.212428
1.280889;1.21243
1.281344;1.214056
1.282254;1.214401
1.282254;1.218078
1.282708;1.218336
1.283163;1.219451
1.284073;1.220163
1.284528;1.220981
1.284528;1.221176
1.284983;1.221617
1.288167;1.221699
1.289531;1.222821
1.289531;1.223029
1.289531;1.223157
1.291806;1.223745
1.292715;1.22427
1.292715;1.224882
1.29317;1.225111
1.29317;1.225994
1.294535;1.226727
1.294989;1.227125
1.296354;1.228472
1.296354;1.229103
1.297719;1.229737
1.299993;1.230303
1.300448;1.230303
1.301358;1.230303
1.304087;1.230303
1.304087;1.232893
1.305451;1.234552
1.305906;1.235906
1.306361;1.238626
1.306816;1.23939
1.30818;1.239799
1.308635;1.240688
1.31;1.242228
1.31;1.243264
1.31;1.243912
1.31;1.245289
1.311365;1.24623
1.312729;1.246681
1.313184;1.248032
1.313639;1.249448
1.313639;1.250921
1.315913;1.251401
1.316823;1.25183
1.320007;1.252314
1.320007;1.253135
1.320007;1.25364
1.320917;1.254831
1.321371;1.254897
1.321371;1.255053
1.321371;1.256194
1.321826;1.256437
1.322736;1.256517
1.324101;1.257424
1.324556;1.258198
1.32592;1.25907
1.328649;1.26041
1.329104;1.260729
1.329559;1.261306
1.330014;1.261515
1.330014;1.26205
1.330924;1.262268
1.330924;1.262868
1.331378;1.263012
1.331833;1.26345
1.332743;1.263991
1.333653;1.264431
1.335927;1.265364
1.335927;1.266081
1.336382;1.269141
1.338656;1.269428
1.339111;1.270173
1.339111;1.271958
1.346389;1.273504
1.346844;1.274336
1.349118;1.276262
1.349118;1.277539
1.350028;1.278092
1.350937;1.278862
1.350937;1.279423
1.351847;1.281224
1.352302;1.281753
1.353212;1.282237
1.353667;1.282533
1.354576;1.28439
1.355031;1.284418
1.355941;1.286514
1.356396;1.286543
1.35776;1.28765
1.35958;1.288088
1.35958;1.288424
1.360035;1.288671
1.360945;1.28928
1.362309;1.28968
1.362764;1.28968
1.364128;1.290039
1.365948;1.291766
1.365948;1.293514
1.368222;1.29456
1.368222;1.295055
1.368222;1.29519
1.369132;1.295974
1.369132;1.298017
1.370951;1.298404
1.371861;1.298404
1.372771;1.301191
1.37368;1.302367
1.374135;1.303202
1.37459;1.309834
1.375045;1.310273
1.3755;1.310299
1.37641;1.311549
1.37641;1.312311
1.377774;1.312628
1.377774;1.313243
1.379139;1.314978
1.380958;1.315369
1.381868;1.316819
1.382778;1.31724
1.383233;1.317735
1.384142;1.318027
1.384597;1.318867
1.385052;1.32045
1.385962;1.320908
1.386417;1.320957
1.386417;1.321593
1.386871;1.322505
1.387326;1.322905
1.388236;1.323518
1.389146;1.325682
1.39051;1.326001
1.391875;1.330114
1.391875;1.331587
1.393694;1.333335
1.393694;1.333631
1.393694;1.333762
1.395059;1.334194
1.396424;1.335186
1.396424;1.336119
1.397333;1.337373
1.399153;1.337383
1.399153;1.33755
1.400063;1.338283
1.402337;1.338829
1.403701;1.340116
1.404611;1.341458
1.405976;1.341577
1.40643;1.341966
1.407795;1.342308
1.40916;1.343741
1.409615;1.344388
1.409615;1.344708
1.409615;1.346473
1.410069;1.346493
1.410524;1.346982
1.410979;1.347657
1.411434;1.350129
1.412344;1.350238
1.415073;1.350238
1.416438;1.350238
1.417347;1.350238
1.417347;1.350238
1.417347;1.353426
1.417802;1.354574
1.418712;1.357092
1.418712;1.357981
1.419167;1.358197
1.419167;1.358773
1.420076;1.361836
1.420531;1.3645
1.420531;1.365637
1.421896;1.365646
1.421896;1.368608
1.422806;1.369027
1.42326;1.369138
1.42326;1.369239
1.425535;1.369727
1.426899;1.370053
1.427809;1.371124
1.427809;1.371521
1.429628;1.371686
1.429628;1.373599
1.430538;1.375135
1.432813;1.376936
1.432813;1.377427
1.433267;1.37759
1.434177;1.377932
1.436906;1.378391
1.437816;1.378769
1.439635;1.379164
1.439635;1.380019
1.44009;1.382379
1.442365;1.382895
1.442819;1.383601
1.444184;1.385642
1.446913;1.386481
1.447823;1.387446
1.448278;1.387772
1.448278;1.388078
1.449642;1.388115
1.449642;1.388565
1.451462;1.38874
1.451462;1.388987
1.451462;1.391488
1.452371;1.391566
1.455556;1.391588
1.455556;1.393583
1.457375;1.393713
1.457375;1.393882
1.45783;1.395738
1.458285;1.395958
1.45874;1.396978
1.45874;1.398932
1.459194;1.399632
1.460559;1.401613
1.461469;1.401915
1.461469;1.402782
1.461924;1.404613
1.461924;1.405627
1.462378;1.405845
1.462833;1.405854
1.462833;1.406802
1.464198;1.407027
1.465562;1.408988
1.465562;1.410619
1.466472;1.411968
1.466927;1.411968
1.468747;1.411968
1.470566;1.411968
1.471476;1.411968
1.47284;1.411968
1.47284;1.411968
1.473295;1.412982
1.47466;1.413954
1.47466;1.414016
1.477389;1.414863
1.477389;1.415124
1.477389;1.416169
1.479208;1.417435
1.479663;1.421167
1.480573;1.421972
1.481028;1.422284
1.481483;1.424397
1.484667;1.425198
1.484667;1.425548
1.486941;1.425564
1.487851;1.426135
1.48876;1.427351
1.48967;1.428025
1.490125;1.428402
1.49058;1.428895
1.49149;1.428955
1.491944;1.43011
1.493764;1.434079
1.493764;1.435585
1.494674;1.436347
1.495128;1.437706
1.496493;1.438404
1.497403;1.438914
1.498312;1.439005
1.499222;1.441521
1.499222;1.4418
1.502406;1.442758
1.503316;1.444677
1.503771;1.445732
1.505135;1.447469
1.505135;1.450378
1.50559;1.450449
1.508319;1.450572
1.508774;1.451768
1.509229;1.452716
1.509229;1.453062
1.510594;1.454191
1.512868;1.456659
1.514687;1.457144
1.516052;1.457911
1.517871;1.458035
1.519236;1.459723
1.52151;1.46039
1.52151;1.462488
1.522875;1.464373
1.523785;1.464745
1.523785;1.465001
1.527424;1.466156
1.527878;1.467367
1.528333;1.467559
1.529698;1.467559
1.530153;1.470481
1.531517;1.473948
1.534701;1.474385
1.536976;1.474863
1.53925;1.474863
1.539705;1.474863
1.539705;1.474863
1.540615;1.474863
1.542434;1.474863
1.542889;1.475011
1.544253;1.47576
1.544253;1.477752
1.544708;1.479182
1.545618;1.482529
1.546073;1.482589
1.546528;1.483
1.547437;1.488227
1.547437;1.488522
1.548347;1.490766
1.548347;1.491563
1.551531;1.492121
1.552441;1.493835
1.552441;1.494054
1.553351;1.494536
1.553805;1.494783
1.553805;1.496342
1.55426;1.496358
1.554715;1.496517
1.55517;1.496525
1.55517;1.497584
1.555625;1.497627
1.55608;1.497665
1.557444;1.49871
1.558354;1.498982
1.559264;1.500032
1.559264;1.501443
1.559719;1.502304
1.560174;1.502763
1.560174;1.506379
1.564722;1.507218
1.565177;1.507842
1.565177;1.512078
1.566087;1.512338
1.566996;1.51258
1.567906;1.512797
1.568361;1.513155
1.569271;1.514121
1.570635;1.517354
1.57291;1.5175
1.573819;1.517648
1.574274;1.522791
1.574274;1.527003
1.575184;1.534863
1.575639;1.535687
1.575639;1.53724
1.576094;1.53741
1.578823;1.538914
1.579733;1.538914
1.580642;1.538914
1.582462;1.538914
1.584281;1.538914
1.585191;1.541435
1.586555;1.541861
1.587465;1.541924
1.587465;1.542898
1.58792;1.545061
1.588375;1.547692
1.589739;1.547813
1.590194;1.54918
1.591104;1.549333
1.591559;1.550775
1.592014;1.552001
1.592469;1.553059
1.593378;1.553569
1.594743;1.554167
1.595198;1.554965
1.595198;1.556075
1.595198;1.55705
1.595198;1.559701
1.595653;1.56017
1.597927;1.561065
1.598382;1.561494
1.599292;1.562454
1.600201;1.564597
1.600201;1.566134
1.601111;1.568491
1.601111;1.569595
1.601111;1.570175
1.601566;1.57056
1.602021;1.571683
1.602476;1.571996
1.602931;1.5724
1.60384;1.574911
1.606569;1.576183
1.606569;1.576213
1.608389;1.578072
1.609753;1.578281
1.612937;1.578677
1.612937;1.57951
1.612937;1.581033
1.614757;1.581291
1.615212;1.581541
1.617941;1.581969
1.61976;1.583794
1.620215;1.586664
1.621125;1.587117
1.622035;1.587181
1.622035;1.589884
1.622489;1.591964
1.622489;1.594694
1.623854;1.594965
1.624309;1.595226
1.624764;1.596744
1.625219;1.597568
1.625674;1.597777
1.627038;1.598714
1.628403;1.598898
1.628403;1.601408
1.628403;1.603173
1.631132;1.604115
1.631587;1.604115
1.632042;1.604115
1.632042;1.604115
1.632496;1.604115
1.632951;1.605964
1.637045;1.614004
1.641139;1.614311
1.642048;1.614476
1.642958;1.616003
1.644323;1.617608
1.645687;1.61768
1.646142;1.622946
1.646142;1.625141
1.646597;1.625463
1.647052;1.626491
1.647507;1.630714
1.648417;1.632777
1.650236;1.633597
1.650236;1.633965
1.652056;1.63455
1.656149;1.635703
1.657514;1.636515
1.657514;1.637547
1.657514;1.638535
1.658424;1.638926
1.658424;1.64222
1.658878;1.642636
1.659333;1.64332
1.660243;1.643567
1.661608;1.644391
1.664337;1.644766
1.666156;1.646158
1.667976;1.646601
1.66934;1.647506
1.669795;1.649493
1.67025;1.649626
1.672979;1.652217
1.672979;1.656915
1.673889;1.663328
1.674798;1.664294
1.676163;1.665817
1.677983;1.670052
1.678437;1.670457
1.682076;1.670457
1.684806;1.670457
1.685715;1.670457
1.685715;1.670457
1.68617;1.670622
1.686625;1.673491
1.687535;1.676474
1.68799;1.677045
1.692538;1.677458
1.695267;1.677492
1.698451;1.67805
1.698451;1.685179
1.698451;1.686541
1.699361;1.687409
1.699816;1.687874
1.700271;1.687936
1.700726;1.688025
1.703455;1.688306
1.704365;1.694875
1.705274;1.695622
1.708458;1.696257
1.710733;1.697377
1.711187;1.698065
1.711642;1.701654
1.713917;1.701925
1.714372;1.702282
1.714826;1.705308
1.715736;1.706245
1.716646;1.706525
1.71801;1.707233
1.718465;1.708014
1.719375;1.709483
1.722559;1.711751
1.724378;1.714527
1.724378;1.714906
1.724833;1.719666
1.727108;1.72158
1.730292;1.723061
1.731201;1.723926
1.732111;1.728282
1.732566;1.728851
1.73484;1.730332
1.735295;1.731359
1.73575;1.73444
1.738479;1.734791
1.738934;1.736016
1.740299;1.737871
1.742118;1.737934
1.744392;1.737934
1.745757;1.737934
1.746667;1.737934
1.747576;1.737934
1.749396;1.737934
1.75076;1.737934
1.751215;1.737934
1.751215;1.738197
1.75258;1.739273
1.75258;1.739343
1.75349;1.740364
1.754399;1.741586
1.756219;1.741835
1.756674;1.745407
1.758038;1.748408
1.758493;1.748464
1.759403;1.748765
1.759403;1.751581
1.759403;1.751999
1.759858;1.752167
1.761222;1.755766
1.763042;1.763469
1.764406;1.763552
1.766681;1.76369
1.767135;1.766188
1.76759;1.766488
1.768045;1.769155
1.770774;1.769854
1.770774;1.769871
1.771229;1.77039
1.771684;1.771064
1.772139;1.771691
1.773503;1.77195
1.773958;1.772228
1.774413;1.772449
1.775323;1.772578
1.775778;1.77299
1.775778;1.773562
1.777142;1.776549
1.778052;1.777296
1.782146;1.779234
1.782601;1.78326
1.783056;1.788186
1.78351;1.788645
1.78442;1.792377
1.78442;1.79565
1.78624;1.796913
1.788969;1.79827
1.792153;1.800221
1.792608;1.801171
1.794427;1.803608
1.795792;1.804442
1.798521;1.805106
1.799431;1.805775
1.799885;1.806539
1.799885;1.806539
1.803069;1.806539
1.803069;1.806539
1.803979;1.806539
1.804434;1.806539
1.804434;1.806539
1.806708;1.806539
1.808073;1.806539
1.809437;1.806539
1.812621;1.806989
1.814441;1.808426
1.815351;1.811072
1.815806;1.814899
1.81626;1.816769
1.817625;1.816854
1.81899;1.818197
1.821264;1.818431
1.822174;1.819608
1.824903;1.822919
1.824903;1.8259
1.825358;1.828726
1.825358;1.829947
1.825812;1.830395
1.829906;1.830401
1.830361;1.831333
1.830816;1.8331
1.833545;1.833832
1.835819;1.834978
1.836729;1.837644
1.837639;1.838855
1.839458;1.83977
1.842188;1.839857
1.847646;1.840787
1.84901;1.840998
1.850375;1.843953
1.85083;1.846632
1.85174;1.848083
1.852194;1.850322
1.856288;1.85148
1.856743;1.852451
1.857653;1.852455
1.858562;1.856498
1.859017;1.858246
1.860382;1.858607
1.860837;1.858856
1.860837;1.860662
1.861746;1.861053
1.862656;1.861296
1.863111;1.863482
1.863111;1.866487
1.863566;1.868194
1.865385;1.868977
1.865385;1.870095
1.867205;1.87596
1.869024;1.876266
1.871753;1.876266
1.872663;1.876266
1.874028;1.876266
1.876302;1.876266
1.879941;1.876266
1.879941;1.876266
1.881306;1.876266
1.88358;1.876266
1.88358;1.876266
1.884035;1.876266
1.884944;1.876266
1.887219;1.876266
1.888128;1.876266
1.889493;1.876266
1.891767;1.876266
1.893132;1.876266
1.895406;1.876266
1.896771;1.879546
1.897681;1.880609
1.899045;1.88078
1.902229;1.885374
1.904958;1.886324
1.905413;1.886909
1.907233;1.890129
1.908142;1.890697
1.908597;1.893378
1.909052;1.893659
1.912691;1.894074
1.913146;1.894597
1.913601;1.894842
1.914965;1.895242
1.91542;1.898304
1.915875;1.8989
1.91633;1.899678
1.91724;1.899763
1.917694;1.90071
1.917694;1.901347
1.918149;1.90229
1.922243;1.903937
1.923608;1.904692
1.924062;1.906116
1.925427;1.906563
1.926337;1.908316
1.926337;1.91037
1.928611;1.911424
1.929521;1.912206
1.929521;1.91376
1.93225;1.914778
1.93316;1.915348
1.934524;1.915611
1.936799;1.916483
1.937253;1.916511
1.937708;1.916675
1.937708;1.918134
1.939983;1.921328
1.939983;1.92232
1.941347;1.92266
1.941347;1.924183
1.943621;1.924617
1.947715;1.924653
1.94817;1.927098
1.94908;1.931943
1.951809;1.932632
1.952264;1.933711
1.952264;1.93812
1.952264;1.938454
1.954083;1.939702
1.954083;1.939827
1.954538;1.941032
1.954993;1.947107
1.956358;1.947107
1.958177;1.947107
1.958177;1.947107
1.958177;1.949631
1.963181;1.951018
1.963635;1.955356
1.965;1.956403
1.967729;1.960282
1.968184;1.961503
1.968639;1.96227
1.969549;1.964338
1.971368;1.966211
1.971823;1.973523
1.972733;1.975227
1.975007;1.976956
1.979101;1.980498
1.979101;1.980872
1.979556;1.982915
1.982285;1.983769
1.983649;1.984388
1.983649;1.987992
1.986378;1.988022
1.986833;1.990089
1.988653;1.99414
1.990017;1.998484
1.991837;1.998912
1.993201;1.999923
1.99684;2.000309
1.997295;2.007396
2.000479;2.007997
2.001844;2.011973
2.004573;2.01619
2.005028;2.018002
2.005937;2.018316
2.007302;2.019057
2.008667;2.019057
2.010031;2.019057
2.010486;2.019057
2.01276;2.019182
2.01367;2.020647
2.016854;2.025478
2.018219;2.025882
2.021858;2.026552
2.025042;2.027791
2.026861;2.029973
2.030045;2.032075
2.0305;2.032114
2.0305;2.034359
2.032319;2.036277
2.034139;2.036325
2.035503;2.038456
2.038233;2.041212
2.043236;2.041395
2.043691;2.041496
2.044146;2.042647
2.0446;2.042863
2.04642;2.043107
2.046875;2.046571
2.047785;2.047731
2.048694;2.048007
2.048694;2.048881
2.054153;2.053441
2.054608;2.055432
2.055063;2.057526
2.055517;2.06062
2.056882;2.061792
2.058701;2.062177
2.064615;2.062814
2.066889;2.062954
2.068708;2.063835
2.070983;2.065246
2.071437;2.068799
2.072347;2.070381
2.072802;2.070639
2.073712;2.072372
2.074167;2.073256
2.076441;2.074162
2.077806;2.075356
2.079625;2.077072
2.082809;2.078247
2.083264;2.078431
2.083719;2.078605
2.084629;2.083719
2.084629;2.086771
2.087358;2.089363
2.088267;2.091314
2.088722;2.09211
2.090542;2.09211
2.090997;2.09211
2.094635;2.09211
2.095545;2.092771
2.096;2.093075
2.096455;2.093303
2.096455;2.096379
2.09691;2.098763
2.097819;2.103115
2.098274;2.106447
2.099184;2.106882
2.099639;2.108182
2.100549;2.109106
2.108736;2.109298
2.109646;2.1125
2.110101;2.114024
2.113739;2.114724
2.114649;2.114907
2.116014;2.11606
2.116469;2.117557
2.117833;2.119174
2.119198;2.11936
2.120563;2.120574
2.123747;2.121358
2.124201;2.122748
2.124656;2.124626
2.126021;2.128345
2.12693;2.128405
2.12875;2.129697
2.12875;2.129909
2.130569;2.131661
2.134208;2.133901
2.136028;2.137742
2.140121;2.138404
2.141031;2.138601
2.141486;2.139226
2.143306;2.139942
2.145125;2.143367
2.150129;2.144174
2.150583;2.14639
2.154222;2.149886
2.16059;2.149986
2.161045;2.153307
2.161955;2.155269
2.165139;2.155739
2.166049;2.155986
2.166503;2.156777
2.166958;2.157776
2.167868;2.159364
2.169688;2.160641
2.171052;2.165629
2.173781;2.166259
2.174236;2.166259
2.174691;2.166259
2.175601;2.170715
2.176055;2.171921
2.17651;2.17446
2.178785;2.174648
2.179694;2.175857
2.179694;2.17921
2.180149;2.179381
2.184243;2.181966
2.184698;2.183077
2.185153;2.185197
2.187882;2.185737
2.188792;2.18763
2.189247;2.195746
2.189701;2.196249
2.190156;2.197359
2.190611;2.19826
2.191521;2.198503
2.19334;2.20208
2.19425;2.202809
2.200618;2.203183
2.200618;2.203759
2.201528;2.20517
2.203347;2.206131
2.205167;2.20882
2.205621;2.210052
2.205621;2.212773
2.207896;2.213169
2.208351;2.213621
2.20926;2.217497
2.210625;2.224213
2.212444;2.224798
2.212899;2.225194
2.212899;2.226215
2.214264;2.22778
2.214264;2.230039
2.215173;2.230833
2.218358;2.233671
2.220632;2.234458
2.222906;2.236241
2.223361;2.23702
2.224271;2.237439
2.228819;2.240053
2.230639;2.241498
2.231094;2.24714
2.232003;2.251943
2.232458;2.253145
2.233823;2.25584
2.235188;2.263495
2.238371;2.267857
2.238826;2.271557
2.240191;2.272333
2.24292;2.274437
2.245194;2.274913
2.247924;2.275391
2.248833;2.275437
2.248833;2.285062
2.253382;2.285797
2.253837;2.287587
2.254292;2.287775
2.254292;2.28811
2.257021;2.288348
2.257931;2.288836
2.257931;2.289809
2.25884;2.291113
2.260205;2.291533
2.262024;2.292483
2.267028;2.293931
2.271576;2.294827
2.271576;2.294929
2.272486;2.295166
2.272486;2.297462
2.27658;2.297959
2.277944;2.300102
2.277944;2.300299
2.278854;2.300538
2.284767;2.303762
2.286132;2.305922
2.288861;2.30881
2.289771;2.30892
2.293865;2.313792
2.295229;2.315889
2.296594;2.316044
2.298413;2.316749
2.298868;2.317019
2.302052;2.317822
2.302052;2.317822
2.304326;2.318831
2.30842;2.3195
2.311604;2.321777
2.312514;2.322765
2.316153;2.32282
2.316153;2.323058
2.319337;2.323723
2.322521;2.325536
2.32434;2.326859
2.327979;2.328538
2.327979;2.329322
2.329799;2.330621
2.330254;2.331194
2.330708;2.331254
2.332073;2.332068
2.333892;2.332373
2.334802;2.33412
2.335257;2.339982
2.335257;2.340397
2.335712;2.346724
2.337076;2.35396
2.337986;2.35446
2.341625;2.354594
2.342989;2.355075
2.346174;2.35755
2.347538;2.359026
2.347538;2.363116
2.349358;2.364485
2.352542;2.366624
2.352542;2.367743
2.359365;2.36944
2.359819;2.376966
2.362548;2.379844
2.364368;2.380359
2.366188;2.385504
2.367552;2.385588
2.371646;2.388181
2.372101;2.388835
2.37301;2.390038
2.379378;2.393155
2.380743;2.39429
2.382562;2.394511
2.385292;2.395225
2.388476;2.395225
2.394844;2.395225
2.396208;2.395225
2.396208;2.396574
2.398028;2.396984
2.408944;2.397722
2.411674;2.400559
2.411674;2.40123
2.415767;2.406945
2.418496;2.408547
2.418951;2.411164
2.419861;2.411471
2.419861;2.413883
2.420316;2.417172
2.421226;2.422838
2.422135;2.423388
2.42441;2.425202
2.429868;2.426753
2.432142;2.431624
2.435781;2.43312
2.436236;2.433591
2.438056;2.433926
2.446698;2.440033
2.447608;2.448883
2.458524;2.449172
2.461708;2.450473
2.462163;2.455555
2.464892;2.455602
2.468531;2.460706
2.468986;2.462516
2.470351;2.464268
2.470806;2.466272
2.47126;2.466287
2.471715;2.467089
2.473535;2.468086
2.473535;2.473702
2.474899;2.47405
2.474899;2.475086
2.475354;2.476068
2.477628;2.476455
2.478538;2.479167
2.478538;2.480192
2.479448;2.480438
2.479448;2.481499
2.480358;2.483973
2.480813;2.484233
2.483996;2.487138
2.486271;2.488794
2.48809;2.48901
2.489455;2.495245
2.490819;2.496536
2.491729;2.499664
2.493548;2.500119
2.493548;2.507204
2.493548;2.51344
2.496732;2.513989
2.497642;2.514617
2.498097;2.515732
2.498552;2.520149
2.500826;2.523132
2.502191;2.523476
2.509924;2.523825
2.511288;2.524992
2.514472;2.525144
2.514472;2.528683
2.515837;2.533972
2.517201;2.535714
2.52084;2.537388
2.52084;2.538497
2.523114;2.539375
2.525389;2.539986
2.526753;2.540605
2.526753;2.545478
2.529937;2.545774
2.530847;2.546326
2.532212;2.547412
2.536306;2.551942
2.537215;2.553248
2.539944;2.553248
2.541309;2.553248
2.541764;2.553248
2.544948;2.553385
2.545403;2.554505
2.550861;2.558144
2.550861;2.559496
2.55268;2.565676
2.554045;2.570641
2.558594;2.571379
2.569055;2.572623
2.57133;2.573384
2.571784;2.575271
2.573149;2.577267
2.576788;2.577417
2.578153;2.57845
2.578608;2.58134
2.579062;2.583324
2.583611;2.584119
2.585431;2.585384
2.586795;2.587552
2.588614;2.587659
2.589979;2.591837
2.590889;2.594828
2.590889;2.601093
2.591799;2.601437
2.592253;2.602731
2.592708;2.607931
2.596347;2.613739
2.596802;2.615706
2.598621;2.61803
2.598621;2.624486
2.599077;2.624692
2.601351;2.626159
2.603625;2.626343
2.60408;2.630279
2.604535;2.631636
2.608174;2.631708
2.610903;2.632059
2.613632;2.633857
2.614542;2.633857
2.615451;2.633857
2.618181;2.633954
2.619545;2.635973
2.619545;2.640045
2.619545;2.645047
2.62091;2.648349
2.62091;2.648627
2.621365;2.649492
2.622729;2.649754
2.628187;2.649844
2.628187;2.650625
2.628642;2.651214
2.628642;2.651485
2.629552;2.651605
2.630007;2.652982
2.630462;2.659554
2.631826;2.666241
2.634101;2.666892
2.636375;2.67362
2.63683;2.675574
2.638649;2.677587
2.647747;2.679367
2.653205;2.681775
2.657299;2.68212
2.662757;2.683119
2.662757;2.684313
2.664576;2.685127
2.665031;2.686509
2.669125;2.69413
2.671854;2.699422
2.675948;2.701766
2.680496;2.702605
2.682771;2.704792
2.68459;2.704969
2.6855;2.705739
2.692323;2.707732
2.694597;2.707805
2.695507;2.712452
2.705059;2.715525
2.706878;2.715525
2.707333;2.718719
2.710517;2.723474
2.710972;2.72366
2.713247;2.730333
2.713701;2.732085
2.714156;2.737074
2.719615;2.73743
2.720069;2.737725
2.720979;2.739429
2.724163;2.74198
2.725528;2.746536
2.728712;2.746579
2.730531;2.747231
2.731896;2.747857
2.733715;2.747919
2.73417;2.750494
2.73417;2.750813
2.73508;2.751105
2.737809;2.752698
2.738264;2.753831
2.741448;2.757414
2.741448;2.758178
2.741448;2.763579
2.743267;2.766335
2.743267;2.7664
2.745087;2.766521
2.746451;2.767853
2.746906;2.772575
2.747361;2.780061
2.748726;2.780189
2.750545;2.780343
2.751455;2.782514
2.75191;2.784676
2.752819;2.786564
2.753729;2.787351
2.754184;2.787648
2.755549;2.788675
2.756913;2.791878
2.759187;2.79749
2.761462;2.801439
2.764191;2.802096
2.765101;2.806656
2.765555;2.806726
2.768739;2.809172
2.770559;2.809832
2.770559;2.810683
2.773288;2.811647
2.778291;2.812357
2.779202;2.813959
2.781476;2.814227
2.78284;2.821212
2.784205;2.829504
2.786479;2.831108
2.786479;2.831635
2.788754;2.834464
2.790573;2.834704
2.790573;2.837622
2.793757;2.838483
2.794667;2.838751
2.795576;2.842585
2.79967;2.845262
2.80149;2.851292
2.802854;2.853362
2.807403;2.853549
2.807858;2.854717
2.809222;2.855181
2.810132;2.857025
2.811951;2.861905
2.812406;2.864819
2.818319;2.8663
2.821049;2.869642
2.821049;2.871923
2.821503;2.876197
2.824233;2.882016
2.826962;2.882016
2.826962;2.884755
2.827417;2.885453
2.827417;2.890179
2.827872;2.892972
2.829691;2.89583
2.830146;2.898625
2.83151;2.898848
2.83151;2.899446
2.83151;2.900324
2.831965;2.900593
2.83242;2.902864
2.83333;2.903111
2.836059;2.903257
2.837424;2.908153
2.837878;2.915556
2.838788;2.918089
2.840153;2.92584
2.841062;2.931981
2.842882;2.935008
2.845611;2.93669
2.85016;2.941038
2.850615;2.944565
2.851069;2.946016
2.851524;2.947492
2.851979;2.948392
2.853343;2.953614
2.857892;2.959107
2.858802;2.96683
2.861531;2.972938
2.863806;2.990921
2.86426;2.991764
2.86517;2.992172
2.86608;2.992698
2.86699;2.999656
2.868809;3.00348
2.869264;3.004624
2.869719;3.004745
2.874267;3.005045
2.875632;3.009337
2.877451;3.010196
2.877906;3.015821
2.880635;3.021611
2.88291;3.025903
2.884274;3.027286
2.887913;3.033508
2.888823;3.037015
2.889733;3.0392
2.892007;3.040277
2.892462;3.040403
2.892917;3.043433
2.897465;3.044094
2.900194;3.046326
2.901104;3.051404
2.902014;3.052683
2.906562;3.052683
2.909292;3.054536
2.910201;3.054583
2.910656;3.056998
2.911111;3.058058
2.915205;3.063074
2.91566;3.066454
2.916114;3.072927
2.917479;3.086238
2.919299;3.086778
2.919299;3.091421
2.919754;3.093101
2.921573;3.097943
2.922028;3.101065
2.923392;3.105112
2.924302;3.105641
2.924302;3.107903
2.928396;3.11295
2.934309;3.116393
2.937038;3.117541
2.937038;3.118728
2.937948;3.120153
2.937948;3.128936
2.937948;3.13204
2.940677;3.134181
2.944771;3.13757
2.945225;3.138544
2.9475;3.139538
2.950684;3.139571
2.951139;3.139571
2.952958;3.139571
2.952958;3.139571
2.956142;3.139571
2.959326;3.139571
2.961146;3.139571
2.962055;3.139571
2.96524;3.139571
2.969333;3.148098
2.971608;3.149876
2.971608;3.151296
2.973427;3.154746
2.98025;3.154903
2.984344;3.156652
2.986163;3.156804
2.986618;3.162916
2.986618;3.163114
2.988892;3.163503
2.988892;3.176638
2.996625;3.178831
2.99799;3.18875
2.999354;3.200426
3.000719;3.212336
3.000719;3.21269
3.001628;3.213744
3.002538;3.216925
3.003903;3.220501
3.005267;3.221695
3.010725;3.227489
3.01118;3.228173
3.011635;3.228312
3.013;3.229151
3.017549;3.233052
3.023462;3.23376
3.026191;3.238898
3.02801;3.24297
3.028465;3.243492
3.03074;3.245664
3.033014;3.248237
3.035743;3.248912
3.035743;3.265826
3.037108;3.2685
3.037562;3.268788
3.038472;3.277107
3.042111;3.279517
3.047114;3.280996
3.051208;3.283113
3.053937;3.286958
3.056667;3.287736
3.058941;3.289128
3.059851;3.293188
3.066674;3.293348
3.066674;3.298088
3.068948;3.301113
3.069858;3.31162
3.070767;3.316433
3.073496;3.316433
3.076226;3.316693
3.076226;3.333735
3.078045;3.342753
3.079865;3.347141
3.089872;3.348351
3.092601;3.349097
3.097604;3.355522
3.098514;3.360726
3.107156;3.363644
3.111705;3.364123
3.11216;3.367735
3.118073;3.373883
3.118983;3.38049
3.122621;3.382291
3.123986;3.387707
3.128535;3.399826
3.12899;3.400473
3.129444;3.400919
3.134448;3.402332
3.135813;3.405915
3.138542;3.406398
3.139906;3.406398
3.140816;3.407318
3.141271;3.409277
3.141271;3.41148
3.144;3.413728
3.146274;3.41757
3.149458;3.42125
3.150823;3.423254
3.150823;3.425611
3.153097;3.433471
3.153097;3.433532
3.154462;3.436827
3.154462;3.439376
3.156281;3.442962
3.15901;3.447339
3.16083;3.447649
3.16083;3.450033
3.16174;3.452873
3.167198;3.454365
3.168562;3.45595
3.173111;3.456611
3.179479;3.460925
3.181298;3.462937
3.184483;3.465472
3.185847;3.479521
3.187212;3.479573
3.189031;3.48113
3.191761;3.48683
3.19358;3.487493
3.198583;3.490051
3.200402;3.492762
3.203587;3.494577
3.203587;3.495693
3.207226;3.498605
3.2095;3.501633
3.209955;3.50341
3.215868;3.504692
3.217687;3.510344
3.221781;3.52821
3.222691;3.531625
3.22633;3.53653
3.227695;3.541924
3.228604;3.545593
3.233153;3.549952
3.235427;3.557496
3.237701;3.558098
3.239066;3.572044
3.24316;3.576025
3.245889;3.582834
3.250892;3.585325
3.255896;3.589378
3.256805;3.589378
3.257715;3.589378
3.25999;3.59765
3.264538;3.599513
3.265903;3.606524
3.269087;3.609219
3.27318;3.609882
3.276819;3.61007
3.276819;3.614053
3.277729;3.61622
3.281368;3.619905
3.285007;3.626033
3.285462;3.632572
3.285917;3.636805
3.29092;3.637408
3.292285;3.638311
3.295469;3.638865
3.296833;3.643185
3.299562;3.643696
3.305931;3.6489
3.307295;3.659973
3.307295;3.66181
3.309114;3.66203
3.310934;3.66859
3.313663;3.672611
3.317302;3.673989
3.32458;3.676845
3.329128;3.682384
3.331857;3.682384
3.331857;3.682384
3.335042;3.687834
3.335497;3.688465
3.337316;3.688771
3.337771;3.690027
3.339135;3.692337
3.344139;3.693
3.345958;3.693964
3.348687;3.700342
3.349142;3.702972
3.350052;3.706097
3.350052;3.723078
3.353236;3.733612
3.353236;3.73454
3.356875;3.739936
3.357785;3.741725
3.358239;3.744095
3.360969;3.74414
3.361423;3.747167
3.361878;3.747403
3.363698;3.747482
3.364608;3.757158
3.366427;3.75842
3.373705;3.758897
3.376434;3.759074
3.377799;3.762829
3.379618;3.76511
3.384167;3.771229
3.384167;3.775971
3.387805;3.776395
3.393264;3.780208
3.395538;3.780246
3.399632;3.780253
3.401451;3.781279
3.403726;3.78159
3.406455;3.781863
3.407365;3.785444
3.411003;3.787499
3.411458;3.787664
3.413278;3.787743
3.413278;3.794316
3.413733;3.79568
3.416917;3.797206
3.425104;3.801697
3.428743;3.808848
3.435111;3.808993
3.438295;3.813802
3.43875;3.818616
3.440569;3.818784
3.441479;3.820586
3.442844;3.824151
3.446938;3.831054
3.450121;3.83263
3.45649;3.836429
3.457854;3.838636
3.461038;3.847774
3.462403;3.853115
3.462403;3.853213
3.464677;3.85327
3.464677;3.853365
3.468771;3.85939
3.470135;3.860174
3.479233;3.871408
3.480142;3.880379
3.485146;3.882053
3.485146;3.886912
3.487875;3.889463
3.48833;3.890015
3.490604;3.891542
3.491059;3.896112
3.491969;3.90293
3.493333;3.910231
3.495153;3.916857
3.496972;3.917303
3.498337;3.919985
3.501976;3.921118
3.501976;3.923681
3.507434;3.924499
3.508344;3.925539
3.509254;3.926123
3.511983;3.944384
3.516986;3.947424
3.516986;3.951105
3.519715;3.956865
3.525173;3.960787
3.525628;3.961672
3.53518;3.967418
3.537;3.967418
3.544278;3.96743
3.547007;3.972617
3.55292;3.975429
3.561562;3.991074
3.562017;3.991145
3.57066;3.998495
3.576118;4.002848
3.576573;4.012264
3.58476;4.02054
3.587035;4.022322
3.589764;4.023875
3.592038;4.024159
3.594767;4.024704
3.597042;4.025963
3.60341;4.03336
3.605229;4.042527
3.606139;4.048064
3.607049;4.051869
3.610687;4.053306
3.618875;4.055614
3.620239;4.063456
3.631156;4.069485
3.632976;4.07121
3.639798;4.078173
3.640708;4.084088
3.643892;4.094415
3.644802;4.107022
3.649806;4.108664
3.653444;4.111323
3.660267;4.118
3.663906;4.120442
3.670274;4.126414
3.670729;4.128821
3.680281;4.130764
3.68301;4.131183
3.684375;4.133641
3.685739;4.140135
3.688923;4.141269
3.689833;4.1429
3.690288;4.144632
3.692107;4.150226
3.698475;4.156894
3.698931;4.162347
3.70075;4.164202
3.701659;4.164921
3.708028;4.173566
3.709392;4.175268
3.71576;4.175881
3.71758;4.192197
3.719399;4.203823
3.720764;4.205983
3.722583;4.206803
3.723948;4.219809
3.724403;4.222331
3.730316;4.227745
3.732135;4.229885
3.73259;4.233928
3.739868;4.234437
3.742142;4.239632
3.742597;4.245744
3.743962;4.246904
3.74942;4.256309
3.749875;4.269862
3.756698;4.281483
3.765795;4.32404
3.770344;4.330665
3.773527;4.336997
3.78308;4.339604
3.783535;4.340359
3.784899;4.345769
3.786719;4.361364
3.801729;4.361364
3.805823;4.365599
3.807642;4.377035
3.812191;4.385277
3.813101;4.389203
3.816285;4.390274
3.819469;4.391191
3.836298;4.39468
3.844941;4.401112
3.84949;4.404803
3.854493;4.40671
3.855403;4.419523
3.856312;4.420506
3.857677;4.435904
3.859496;4.438787
3.861771;4.462308
3.873142;4.462308
3.878601;4.462308
3.879965;4.467246
3.88042;4.469563
3.880875;4.501564
3.881785;4.522204
3.882239;4.530563
3.883604;4.531471
3.890882;4.541768
3.891792;4.543101
3.892701;4.552228
3.899069;4.554433
3.899524;4.555104
3.909531;4.561378
3.911806;4.56179
3.912715;4.563614
3.914535;4.564229
3.919083;4.564229
3.926816;4.570088
3.931364;4.577388
3.936823;4.588979
3.94683;4.605297
3.961385;4.610633
3.969118;4.611485
3.971392;4.621833
3.971847;4.622272
3.975031;4.624531
3.980035;4.625574
3.980944;4.626443
3.985038;4.644493
3.985038;4.645
3.986858;4.650462
3.988222;4.667123
3.989132;4.667123
4.01142;4.667123
4.019153;4.667123
4.020517;4.667939
4.022791;4.676202
4.025066;4.688602
4.038257;4.699036
4.038257;4.719749
4.04326;4.724805
4.048718;4.749869
4.054177;4.756494
4.055996;4.761161
4.062819;4.76549
4.076465;4.769827
4.079195;4.770986
4.080104;4.770986
4.083288;4.770986
4.091021;4.770986
4.091021;4.770986
4.09193;4.770986
4.093295;4.770986
4.10876;4.782169
4.115129;4.785258
4.116948;4.793823
4.121042;4.794104
4.129229;4.801139
4.137416;4.816128
4.138326;4.837877
4.141056;4.839954
4.143785;4.846725
4.159705;4.84957
4.164708;4.859236
4.165618;4.866793
4.167437;4.874618
4.168347;4.875818
4.194729;4.875818
4.195184;4.875818
4.199278;4.875818
4.22293;4.875818
4.227479;4.875818
4.252041;4.875818
4.2575;4.875818
4.260229;4.890089
4.266142;4.89554
4.304805;4.905134
4.305715;4.906068
4.310719;4.917815
4.311173;4.939098
4.32118;4.953639
4.327094;4.95978
4.333462;4.977674
4.33801;4.981611
4.342559;4.981611
4.343924;4.985067
4.347562;4.991761
4.352566;5.001736
4.355295;5.007291
4.360299;5.019788
4.367577;5.020408
4.371215;5.021547
4.383951;5.02425
4.395778;5.052775
4.398052;5.056635
4.40533;5.056874
4.416701;5.075897
4.431257;5.076596
4.434896;5.080224
4.437625;5.080673
4.455819;5.085626
4.477653;5.099657
4.482656;5.107914
4.489025;5.118134
4.490844;5.14266
4.492663;5.15029
4.494483;5.152747
4.499941;5.16893
4.503125;5.169895
4.504035;5.17328
4.512222;5.177191
4.515861;5.187763
4.527233;5.190939
4.528142;5.219077
4.529962;5.222837
4.538149;5.230292
4.539514;5.239077
4.547701;5.241575
4.556344;5.258533
4.558163;5.264316
4.570899;5.291831
4.574993;5.295656
4.575903;5.298693
4.579997;5.300116
4.604104;5.30067
4.610927;5.308115
4.620479;5.316238
4.640038;5.317592
4.641403;5.319543
4.647316;5.326691
4.649135;5.336608
4.66733;5.341853
4.667785;5.347893
4.671878;5.348175
4.683705;5.349118
4.722368;5.349635
4.726917;5.360992
4.739198;5.376495
4.743292;5.381798
4.746931;5.386863
4.754208;5.392888
4.754663;5.423244
4.762396;5.441225
4.787413;5.459067
4.791052;5.477961
4.793326;5.482314
4.79742;5.484456
4.801059;5.486454
4.809701;5.489152
4.815614;5.517105
4.83108;5.524987
4.837903;5.556737
4.848819;5.564531
4.855187;5.565843
4.858371;5.577003
4.887483;5.579052
4.890212;5.592082
4.908861;5.592127
4.915229;5.592558
4.921597;5.608275
4.957076;5.619848
4.965719;5.636419
4.971177;5.636419
4.972086;5.64329
4.995739;5.661929
4.999379;5.664101
5.034858;5.682405
5.054872;5.682571
5.063969;5.725512
5.065333;5.761893
5.077614;5.815138
5.086711;5.830033
5.103086;5.840876
5.103542;5.857829
5.119916;5.861254
5.129469;5.866043
5.139931;5.870223
5.152667;5.913293
5.15949;5.915727
5.169042;5.921009
5.171316;5.929541
5.17268;5.933325
5.173135;5.935232
5.186327;5.937527
5.245458;5.97105
5.246368;5.97658
5.259104;5.996751
5.261833;5.998118
5.262288;6.014969
5.270931;6.016144
5.277298;6.01885
5.280937;6.023111
5.304135;6.027118
5.308684;6.028357
5.311868;6.035173
5.319146;6.043313
5.325968;6.058169
5.35417;6.077732
5.363267;6.082981
5.369636;6.088579
5.375548;6.088998
5.376913;6.098883
5.385556;6.111191
5.396927;6.114258
5.414667;6.11763
5.423764;6.118766
5.430587;6.119355
5.431497;6.119944
5.434226;6.129899
5.457424;6.133994
5.458788;6.134166
5.475618;6.136941
5.476528;6.140011
5.479712;6.146864
5.505184;6.147772
5.509733;6.151864
5.511097;6.153286
5.5675;6.164845
5.573413;6.16751
5.574778;6.177406
5.580236;6.187304
5.581601;6.194724
5.594337;6.241636
5.596156;6.251045
5.599795;6.2615
5.610257;6.264708
5.654378;6.30997
5.659837;6.31725
5.659837;6.320585
5.668025;6.32325
5.673482;6.324744
5.682125;6.358722
5.695771;6.366321
5.701684;6.367291
5.712601;6.380214
5.724882;6.3843
5.736253;6.402027
5.749899;6.402711
5.785833;6.407683
5.794021;6.430538
5.794021;6.47363
5.83041;6.500613
5.838142;6.500865
5.868618;6.504119
5.885448;6.542507
5.887722;6.543701
5.892271;6.567119
5.894545;6.570483
5.920017;6.572366
5.937302;6.579103
5.954132;6.579916
5.955041;6.634537
6.04192;6.653176
6.042375;6.682034
6.047833;6.700655
6.056475;6.733561
6.066937;6.737732
6.084677;6.740229
6.084677;6.746258
6.087406;6.750487
6.104236;6.753444
6.152906;6.756531
6.154726;6.760732
6.169736;6.773393
6.180653;6.800031
6.181562;6.841425
6.197483;6.857468
6.197483;6.877909
6.211583;6.914425
6.225229;6.937377
6.262982;6.943772
6.267986;6.945326
6.284816;6.957137
6.288;6.997528
6.373059;7.002289
6.385795;7.029471
6.387159;7.035294
6.390344;7.05767
6.398076;7.070751
6.400351;7.075729
6.41991;7.088675
6.485864;7.089325
6.495872;7.109817
6.50224;7.11886
6.514521;7.156821
6.529076;7.226661
6.538629;7.241058
6.553184;7.288823
6.554094;7.335927
6.556823;7.356314
6.560007;7.459838
6.564556;7.502153
6.582295;7.516617
6.610951;7.546505
6.618684;7.579237
6.628236;7.603577
6.628691;7.654693
6.630055;7.673947
6.69692;7.72465
6.727396;7.73633
6.736038;7.759442
6.752413;7.776109
6.774701;7.778199
6.796535;7.780573
6.838837;7.789927
6.864764;7.803349
6.870677;7.817903
6.888872;7.820298
6.918437;7.830989
6.922531;7.841468
6.924806;7.847662
6.94209;7.852765
6.97575;7.854602
6.978479;7.860582
6.980299;7.88723
7.010774;7.901351
7.030788;7.924634
7.032608;7.928631
7.034427;7.986408
7.063538;7.986671
7.112663;7.996151
7.120851;8.005673
7.125854;8.010215
7.147687;8.047653
7.193628;8.0509
7.204545;8.109878
7.224104;8.112647
7.224104;8.117812
7.225014;8.258478
7.282326;8.277315
7.325994;8.320457
7.349646;8.330453
7.360107;8.348779
7.386944;8.377687
7.400135;8.409554
7.424243;8.443036
7.456083;8.462507
7.49884;8.48372
7.49975;8.519044
7.512031;8.552166
7.605733;8.556218
7.608461;8.584012
7.612556;8.613258
7.637118;8.629569
7.703983;8.663733
7.724906;8.672113
7.738097;8.683106
7.739007;8.695189
7.764479;8.754701
7.773122;8.797202
7.77949;8.836338
7.788586;8.847825
7.874101;8.964331
7.896843;8.981514
7.945058;9.008363
7.949607;9.024178
8.017382;9.082938
8.018746;9.091157
8.028298;9.115199
8.110173;9.122557
8.157933;9.129232
8.163847;9.195197
8.18932;9.271005
8.198417;9.291027
8.227073;9.390396
8.263007;9.397266
8.281201;9.409664
8.343517;9.462437
8.389459;9.606117
8.416295;9.645365
8.445406;9.6474
8.515909;9.664793
8.550934;9.687918
8.776545;9.864678
8.834767;9.936894
8.845228;9.971334
8.924376;10.057022
8.946208;10.060789
9.082211;10.085143
9.114962;10.142313
9.116326;10.207024
9.124514;10.221398
9.250055;10.235679
9.355583;10.272834
9.404709;10.315284
9.418809;10.340063
9.501139;10.385563
9.513875;10.554082
9.645784;10.567265
9.717198;10.669884
9.830914;10.680883
9.935986;10.700062
9.977834;10.714442
10.070169;10.868844
10.087455;11.042957
10.160687;11.058469
10.219819;11.07609
10.238923;11.180696
10.410861;11.246794
10.443156;11.298276
10.484094;11.327647
10.511841;11.387368
10.601903;11.446173
10.802497;11.516821
10.814322;11.55938
10.82069;11.896392
10.892559;12.006824
10.906204;12.297423
10.930312;12.603292
11.013097;12.672214
11.061313;12.675713
11.087239;12.720772
11.130451;12.839991
11.188673;13.07335
11.393361;13.223459
11.476601;13.248419
11.534822;13.311314
11.833211;13.346979
12.191187;14.166596
12.302629;14.358414
12.425441;14.411513
12.714732;14.477384
12.764313;14.629019
13.290586;15.119963
13.990163;18.512844
13.997895;18.763861
14.538271;19.33868
