"qsim";"qobs"
0;0.004822
0;0.004898
0;0.005006
8.8e-05;0.005155
8.8e-05;0.005168
8.8e-05;0.005453
8.8e-05;0.005685
8.8e-05;0.005835
8.8e-05;0.006319
8.8e-05;0.00636
8.8e-05;0.00646
8.8e-05;0.006936
8.8e-05;0.007072
8.8e-05;0.00731
8.8e-05;0.007691
0.000176;0.007718
0.000176;0.007786
0.000176;0.008604
0.000176;0.008644
0.000176;0.008647
0.000176;0.008762
0.000176;0.009442
0.000176;0.009558
0.000176;0.00962
0.000176;0.010149
0.000176;0.01017
0.000176;0.010339
0.000176;0.010347
0.000176;0.010359
0.000176;0.010532
0.000176;0.010564
0.000176;0.010622
0.000176;0.010754
0.000176;0.01077
0.000176;0.010945
0.000176;0.011048
0.000176;0.011198
0.000176;0.011215
0.000176;0.011453
0.000176;0.0115
0.000176;0.011512
0.000176;0.011662
0.000176;0.011781
0.000176;0.011965
0.000176;0.01198
0.000264;0.012004
0.000264;0.012091
0.000264;0.012184
0.000264;0.012297
0.000264;0.012346
0.000264;0.012397
0.000264;0.012435
0.000264;0.012514
0.000264;0.012576
0.000264;0.012635
0.000264;0.012685
0.000264;0.012694
0.000264;0.01272
0.000264;0.012765
0.000264;0.012768
0.000264;0.012822
0.000264;0.012858
0.000264;0.01287
0.000264;0.012893
0.000264;0.012902
0.000264;0.012951
0.000264;0.012963
0.000264;0.012972
0.000352;0.012999
0.000352;0.013073
0.000352;0.013108
0.000352;0.013112
0.000352;0.013117
0.000352;0.013128
0.000352;0.013128
0.000352;0.013134
0.000352;0.013203
0.000352;0.013221
0.000352;0.013227
0.000352;0.013254
0.000352;0.013274
0.000352;0.0133
0.000352;0.0133
0.00044;0.013301
0.00044;0.013313
0.00044;0.013364
0.00044;0.013365
0.00044;0.013379
0.00044;0.013411
0.00044;0.013448
0.00044;0.013459
0.00044;0.013477
0.00044;0.013523
0.00044;0.013525
0.000528;0.01354
0.000528;0.01356
0.000528;0.013564
0.000528;0.013578
0.000528;0.013611
0.000528;0.013622
0.000528;0.013638
0.000528;0.013667
0.000528;0.013696
0.000616;0.013777
0.000616;0.01387
0.000616;0.013915
0.000616;0.013921
0.000616;0.013947
0.000616;0.013955
0.000616;0.013964
0.000616;0.013979
0.000616;0.01402
0.000616;0.014038
0.000616;0.01406
0.000616;0.014077
0.000616;0.014109
0.000616;0.014167
0.000704;0.014176
0.000704;0.014223
0.000704;0.014227
0.000704;0.014229
0.000704;0.014237
0.000704;0.01424
0.000704;0.014243
0.000704;0.014308
0.000704;0.014313
0.000704;0.014321
0.000792;0.014386
0.000792;0.014405
0.000792;0.014411
0.000792;0.014414
0.000792;0.014444
0.000792;0.014449
0.000792;0.014482
0.000792;0.014494
0.000792;0.014498
0.000792;0.014569
0.00088;0.014585
0.00088;0.014618
0.00088;0.014629
0.00088;0.014645
0.00088;0.014711
0.00088;0.014718
0.00088;0.014722
0.00088;0.014767
0.00088;0.014772
0.00088;0.014787
0.00088;0.014827
0.000968;0.014837
0.000968;0.014866
0.000968;0.01492
0.000968;0.014932
0.000968;0.014971
0.000968;0.014993
0.000968;0.014998
0.000968;0.014999
0.000968;0.015009
0.000968;0.01502
0.001056;0.015022
0.001056;0.015037
0.001056;0.015062
0.001056;0.015082
0.001056;0.015097
0.001056;0.015122
0.001056;0.015125
0.001056;0.015136
0.001056;0.015153
0.001144;0.01517
0.001144;0.015175
0.001144;0.015186
0.001144;0.01519
0.001144;0.015197
0.001144;0.015207
0.001231;0.015209
0.001231;0.015257
0.001231;0.015269
0.001231;0.015273
0.001231;0.015273
0.001319;0.015275
0.001319;0.015298
0.001319;0.015337
0.001407;0.015342
0.001407;0.015371
0.001407;0.015388
0.001407;0.015407
0.001495;0.015415
0.001495;0.015415
0.001583;0.015421
0.001583;0.015428
0.001583;0.015488
0.001583;0.015488
0.001583;0.015495
0.001671;0.015499
0.001671;0.015523
0.001759;0.015533
0.001759;0.015541
0.001847;0.01555
0.001847;0.01559
0.001847;0.015616
0.001847;0.015623
0.001935;0.015629
0.002023;0.015631
0.002023;0.015651
0.002023;0.015651
0.002023;0.015657
0.002023;0.015659
0.002111;0.015663
0.002111;0.015685
0.002111;0.015702
0.002199;0.015708
0.002199;0.015719
0.002199;0.015725
0.002199;0.015731
0.002199;0.015759
0.002287;0.015794
0.002287;0.01581
0.002287;0.015812
0.002287;0.015828
0.002375;0.015839
0.002375;0.015889
0.002375;0.015912
0.002375;0.015935
0.002463;0.015951
0.002463;0.015953
0.002551;0.01597
0.002551;0.016025
0.002639;0.016031
0.002639;0.016031
0.002727;0.016041
0.002727;0.016059
0.002727;0.016066
0.002815;0.016066
0.002815;0.016077
0.002903;0.016089
0.002903;0.016117
0.002903;0.016134
0.002991;0.016135
0.003079;0.016158
0.003079;0.01616
0.003079;0.016162
0.003079;0.016174
0.003167;0.01618
0.003255;0.016215
0.003255;0.01624
0.003255;0.016244
0.003255;0.016257
0.003343;0.01626
0.003343;0.016262
0.003343;0.016266
0.003343;0.016295
0.003343;0.0163
0.003343;0.016311
0.003343;0.016341
0.003343;0.016346
0.003431;0.016375
0.003431;0.016398
0.003519;0.016398
0.003606;0.01641
0.003606;0.016413
0.003606;0.016421
0.003606;0.016462
0.003606;0.01647
0.003694;0.016473
0.003694;0.016516
0.003694;0.016531
0.003694;0.016541
0.003694;0.016544
0.003694;0.016554
0.003782;0.016584
0.003782;0.016595
0.00387;0.016602
0.00387;0.016612
0.003958;0.016614
0.003958;0.016626
0.003958;0.01663
0.003958;0.016636
0.003958;0.016653
0.004046;0.016682
0.004046;0.016682
0.004134;0.016693
0.004134;0.016693
0.004134;0.016711
0.004222;0.016717
0.004222;0.016717
0.004222;0.016722
0.004222;0.01674
0.00431;0.016752
0.004398;0.016752
0.004398;0.016792
0.004398;0.016799
0.004486;0.0168
0.004486;0.016805
0.004486;0.016805
0.004662;0.016809
0.004662;0.016833
0.004662;0.016844
0.004662;0.016847
0.00475;0.016853
0.00475;0.016853
0.004838;0.016862
0.004838;0.016874
0.004838;0.016957
0.004838;0.016977
0.004926;0.016979
0.004926;0.016984
0.005014;0.017019
0.005014;0.017026
0.005014;0.017028
0.005102;0.017043
0.005102;0.017044
0.005278;0.017049
0.005278;0.017054
0.005278;0.017062
0.005278;0.017069
0.005366;0.017101
0.005366;0.017114
0.005454;0.017121
0.005454;0.017128
0.005454;0.017129
0.005542;0.017148
0.00563;0.017177
0.005718;0.017182
0.005718;0.017185
0.005806;0.01719
0.005806;0.017192
0.005894;0.017197
0.005894;0.017202
0.005981;0.017203
0.006069;0.017208
0.006069;0.017215
0.006069;0.017229
0.006157;0.017255
0.006157;0.017263
0.006157;0.017273
0.006157;0.017296
0.006245;0.017298
0.006333;0.017315
0.006421;0.017329
0.006421;0.017332
0.006509;0.017362
0.006509;0.017362
0.006509;0.017366
0.006509;0.017374
0.006597;0.01739
0.006597;0.017404
0.006773;0.01741
0.006773;0.017415
0.006773;0.01742
0.006773;0.01742
0.006861;0.017426
0.006861;0.017429
0.006949;0.017457
0.007037;0.017457
0.007037;0.017476
0.007125;0.01748
0.007125;0.017495
0.007125;0.017503
0.007125;0.01752
0.007213;0.017536
0.007301;0.017539
0.007301;0.017539
0.007389;0.01754
0.007389;0.017544
0.007477;0.01758
0.007477;0.017604
0.007477;0.017618
0.007565;0.017628
0.007653;0.017642
0.007653;0.017662
0.007741;0.017663
0.007829;0.017663
0.007829;0.017663
0.007917;0.01767
0.007917;0.017675
0.008005;0.017681
0.008093;0.017694
0.008181;0.017741
0.008269;0.017743
0.008269;0.017753
0.008356;0.017765
0.008356;0.017765
0.008444;0.017771
0.00862;0.017803
0.00862;0.017818
0.008884;0.017824
0.008884;0.017836
0.008884;0.017837
0.008972;0.01784
0.008972;0.017842
0.008972;0.017851
0.00906;0.017854
0.009148;0.017862
0.009236;0.017893
0.009236;0.017908
0.009236;0.017941
0.009236;0.017944
0.009324;0.017969
0.009412;0.017969
0.009412;0.017975
0.009412;0.017977
0.009412;0.018022
0.0095;0.018025
0.0095;0.018047
0.009588;0.018053
0.009676;0.018054
0.009676;0.018077
0.009676;0.018078
0.009764;0.018089
0.009852;0.018107
0.009852;0.018108
0.00994;0.018119
0.00994;0.018128
0.010028;0.018137
0.010028;0.018149
0.010028;0.018161
0.010028;0.018167
0.010204;0.018198
0.010204;0.018203
0.01038;0.018209
0.01038;0.018229
0.010468;0.018246
0.010468;0.018275
0.010556;0.01829
0.010556;0.0183
0.010644;0.018318
0.010644;0.018334
0.010644;0.018337
0.010907;0.018342
0.010907;0.018367
0.010907;0.018412
0.010907;0.018433
0.010995;0.018445
0.011083;0.018457
0.011171;0.018476
0.011171;0.018494
0.011435;0.018519
0.011435;0.018522
0.011523;0.018543
0.011523;0.018579
0.011523;0.018586
0.011875;0.018586
0.011875;0.018591
0.011963;0.018592
0.011963;0.018623
0.012227;0.018655
0.012227;0.01866
0.012227;0.01866
0.012227;0.018683
0.012403;0.018689
0.012579;0.018695
0.012579;0.018695
0.012667;0.018726
0.012667;0.018727
0.012667;0.018811
0.012755;0.018812
0.012755;0.018824
0.012843;0.018836
0.012931;0.018841
0.012931;0.018842
0.013019;0.018852
0.013019;0.018857
0.013194;0.018882
0.013282;0.018885
0.013282;0.018916
0.013282;0.018941
0.01337;0.018947
0.013458;0.018947
0.013634;0.018956
0.013722;0.018961
0.013722;0.018966
0.01381;0.018978
0.01381;0.019001
0.013898;0.019002
0.013986;0.01901
0.013986;0.019026
0.013986;0.019089
0.014162;0.019096
0.014162;0.019145
0.01425;0.019171
0.01425;0.019239
0.014338;0.019246
0.014426;0.019252
0.014514;0.019285
0.014602;0.019332
0.01469;0.019334
0.01469;0.019336
0.014778;0.019344
0.01513;0.019392
0.01513;0.019403
0.01513;0.019508
0.015218;0.019509
0.015394;0.019527
0.015394;0.019543
0.015481;0.019546
0.015481;0.019549
0.015569;0.019556
0.015657;0.019559
0.015657;0.019568
0.015745;0.019573
0.015921;0.01962
0.015921;0.01962
0.016097;0.01963
0.016097;0.019645
0.016097;0.019672
0.016185;0.019678
0.016185;0.019708
0.016185;0.019747
0.016273;0.019747
0.016625;0.019751
0.016625;0.019814
0.016713;0.019816
0.016801;0.019817
0.016801;0.019838
0.016889;0.019862
0.016889;0.019884
0.016889;0.019891
0.016977;0.019899
0.016977;0.019919
0.017065;0.019999
0.017065;0.020012
0.017153;0.020078
0.017241;0.020173
0.017681;0.020211
0.017769;0.020248
0.017769;0.020254
0.017944;0.020257
0.018032;0.020263
0.018032;0.020282
0.018032;0.020301
0.01812;0.020319
0.01812;0.020336
0.01812;0.020404
0.018208;0.020433
0.018208;0.020487
0.018296;0.0205
0.018384;0.020525
0.018384;0.02055
0.018472;0.020592
0.01856;0.020664
0.01856;0.020856
0.018648;0.020907
0.018648;0.02092
0.018648;0.020977
0.018648;0.02098
0.018736;0.020982
0.018736;0.020996
0.018912;0.021095
0.018912;0.021132
0.019;0.021302
0.019;0.02133
0.019088;0.0214
0.019176;0.021459
0.019352;0.02149
0.01944;0.021556
0.019616;0.02159
0.019704;0.021621
0.019704;0.021671
0.019704;0.021671
0.019792;0.021742
0.019792;0.021805
0.019792;0.021817
0.01988;0.021876
0.019968;0.021997
0.020144;0.022105
0.020144;0.02213
0.020231;0.022138
0.020319;0.022182
0.020319;0.022194
0.020319;0.022199
0.020407;0.022285
0.020495;0.022297
0.020583;0.022323
0.020671;0.02236
0.020759;0.022404
0.021023;0.022423
0.021111;0.022517
0.021111;0.022523
0.021199;0.022594
0.021199;0.022643
0.021551;0.022691
0.021551;0.022752
0.021639;0.022807
0.021639;0.022859
0.021815;0.022889
0.021815;0.0229
0.021815;0.022913
0.021815;0.022967
0.021903;0.022976
0.022167;0.022987
0.022255;0.023026
0.022255;0.023055
0.022255;0.023059
0.022255;0.023082
0.022343;0.0231
0.022431;0.023125
0.022519;0.023205
0.022606;0.023244
0.022606;0.023291
0.022694;0.023363
0.022958;0.023381
0.022958;0.023559
0.023046;0.023613
0.023134;0.023654
0.023222;0.023687
0.023222;0.023691
0.023398;0.023697
0.023398;0.023716
0.023398;0.02386
0.023486;0.023895
0.02375;0.023962
0.02375;0.023967
0.02375;0.023967
0.02375;0.023997
0.024014;0.02401
0.02419;0.024028
0.02419;0.024032
0.024278;0.024068
0.024366;0.02414
0.024366;0.024144
0.024366;0.024144
0.02463;0.024178
0.024718;0.024195
0.024806;0.024244
0.024981;0.024254
0.024981;0.024256
0.024981;0.02428
0.025069;0.024298
0.025245;0.024383
0.025245;0.024413
0.025333;0.024458
0.025421;0.024486
0.025421;0.02449
0.025509;0.0245
0.025509;0.024516
0.025597;0.024551
0.025597;0.024598
0.025597;0.024599
0.025685;0.02461
0.025773;0.024614
0.025949;0.024688
0.026125;0.02469
0.026125;0.024704
0.026213;0.024711
0.026301;0.024727
0.026301;0.024734
0.026565;0.024791
0.026741;0.024817
0.026829;0.024828
0.026917;0.024828
0.027005;0.024852
0.027005;0.024865
0.027005;0.024936
0.027093;0.024966
0.027093;0.025067
0.027093;0.025147
0.027269;0.025149
0.027356;0.025194
0.027356;0.025263
0.027356;0.025328
0.027356;0.025338
0.027444;0.025339
0.027532;0.02535
0.027532;0.025438
0.027532;0.025461
0.027708;0.025499
0.027708;0.025513
0.027796;0.025554
0.027796;0.025557
0.027796;0.025631
0.027796;0.025656
0.027884;0.025678
0.027972;0.025734
0.028324;0.025743
0.028324;0.025746
0.028412;0.025856
0.0285;0.025897
0.028588;0.02594
0.028676;0.025969
0.028852;0.026
0.028852;0.026013
0.02894;0.026041
0.029028;0.026048
0.029028;0.026106
0.029116;0.026176
0.029292;0.02618
0.029292;0.026186
0.029292;0.026261
0.02938;0.026273
0.029468;0.026312
0.029468;0.026349
0.029644;0.026385
0.029731;0.026397
0.029907;0.026489
0.029995;0.026553
0.030083;0.026555
0.030083;0.026561
0.030259;0.026642
0.030259;0.026674
0.030347;0.026804
0.030435;0.026835
0.030435;0.026852
0.030435;0.02691
0.030523;0.026942
0.030523;0.027016
0.030611;0.027024
0.030699;0.027088
0.030787;0.027111
0.030875;0.027114
0.030875;0.027126
0.031051;0.027141
0.031051;0.027151
0.031139;0.027202
0.031139;0.027323
0.031227;0.027347
0.031403;0.027347
0.031755;0.027427
0.031755;0.027459
0.031843;0.0275
0.032019;0.027518
0.032019;0.02757
0.032106;0.027571
0.032194;0.027623
0.032194;0.02764
0.032194;0.027653
0.03237;0.027746
0.03237;0.027774
0.03237;0.027796
0.03237;0.027831
0.032458;0.027898
0.032634;0.027903
0.032722;0.027918
0.03281;0.027972
0.032898;0.028019
0.032986;0.028057
0.032986;0.028071
0.033074;0.028116
0.033162;0.028162
0.03325;0.028244
0.033338;0.028312
0.033426;0.028313
0.033426;0.028321
0.03369;0.028362
0.03369;0.028364
0.03369;0.028366
0.03369;0.028425
0.033778;0.028489
0.033866;0.028519
0.033954;0.028533
0.033954;0.028543
0.034042;0.028563
0.034657;0.028571
0.034657;0.028649
0.034657;0.028657
0.034833;0.028735
0.034921;0.028805
0.034921;0.028837
0.035185;0.028837
0.035185;0.028862
0.035273;0.028864
0.035449;0.028993
0.035537;0.029002
0.035625;0.029049
0.035713;0.029073
0.035801;0.029087
0.035801;0.029118
0.035801;0.029256
0.035889;0.029294
0.035977;0.029307
0.036153;0.029331
0.036153;0.029379
0.036153;0.029394
0.036153;0.029454
0.036505;0.029503
0.036681;0.029526
0.036681;0.029576
0.036681;0.029594
0.036769;0.029681
0.036856;0.029742
0.036856;0.029791
0.037032;0.029807
0.037032;0.029824
0.037208;0.029849
0.037648;0.029989
0.037736;0.029992
0.037736;0.030001
0.037824;0.03005
0.037824;0.030162
0.038088;0.030198
0.038176;0.030214
0.038352;0.030278
0.038528;0.030325
0.038528;0.030377
0.038616;0.03041
0.038616;0.030436
0.038616;0.030441
0.038792;0.030475
0.038792;0.030593
0.03888;0.030605
0.03888;0.030639
0.038968;0.030687
0.039056;0.030737
0.039144;0.030749
0.039144;0.030758
0.039144;0.030758
0.039144;0.0308
0.039144;0.030814
0.039231;0.03086
0.039319;0.03086
0.039407;0.030873
0.039407;0.030897
0.039495;0.03096
0.039495;0.031011
0.039495;0.031021
0.039583;0.031039
0.039759;0.031061
0.039759;0.031067
0.039759;0.03107
0.040111;0.031074
0.040111;0.031075
0.040111;0.03108
0.040111;0.031161
0.040199;0.031172
0.040199;0.031173
0.040375;0.031175
0.040551;0.031203
0.040639;0.031213
0.040639;0.031303
0.040815;0.031392
0.040903;0.031419
0.041079;0.031481
0.041079;0.031505
0.041167;0.031518
0.041343;0.031546
0.041343;0.031558
0.041431;0.031579
0.041519;0.031623
0.041519;0.031624
0.041606;0.031631
0.041694;0.031632
0.041782;0.031734
0.041782;0.031757
0.041958;0.031893
0.042398;0.031898
0.042398;0.03191
0.042398;0.032015
0.042398;0.032137
0.042398;0.03215
0.042486;0.032189
0.042486;0.032211
0.042662;0.032331
0.04275;0.0324
0.04275;0.032462
0.04275;0.0325
0.042838;0.03251
0.042926;0.03252
0.043014;0.032538
0.043102;0.032705
0.04319;0.032724
0.043278;0.032724
0.043278;0.032728
0.043278;0.032746
0.043366;0.032754
0.043454;0.032808
0.043542;0.03282
0.04363;0.032835
0.04363;0.032848
0.043806;0.032941
0.043806;0.032949
0.043981;0.032965
0.043981;0.03305
0.043981;0.033065
0.044069;0.033288
0.044245;0.033325
0.044333;0.033337
0.044421;0.033343
0.044685;0.033362
0.044685;0.033392
0.044685;0.033394
0.044773;0.033394
0.044861;0.033458
0.044861;0.033502
0.045037;0.033516
0.045125;0.033537
0.045125;0.033558
0.045213;0.033583
0.045565;0.033772
0.045565;0.033837
0.045565;0.033877
0.045565;0.033919
0.045741;0.03392
0.045741;0.03393
0.046181;0.033982
0.046269;0.034012
0.046356;0.034084
0.046532;0.034243
0.046532;0.034271
0.04662;0.0343
0.04662;0.034311
0.046708;0.03439
0.046796;0.03443
0.046796;0.034461
0.04706;0.034479
0.047148;0.034493
0.047148;0.034502
0.047236;0.034534
0.047236;0.034656
0.047324;0.034657
0.047324;0.034691
0.047324;0.034702
0.047412;0.034727
0.0475;0.034734
0.047588;0.034745
0.047588;0.034838
0.047676;0.034924
0.048028;0.034976
0.048116;0.034979
0.048204;0.035016
0.048204;0.035034
0.048292;0.035043
0.04838;0.035084
0.048468;0.035105
0.048556;0.035131
0.048644;0.03515
0.048731;0.035151
0.048907;0.035182
0.048907;0.03519
0.048907;0.035282
0.049083;0.0353
0.049171;0.035458
0.049347;0.035474
0.049435;0.035497
0.049611;0.035504
0.049611;0.035519
0.049699;0.035532
0.049875;0.03559
0.049963;0.03562
0.050051;0.035639
0.050227;0.035773
0.050227;0.035864
0.050315;0.035887
0.050403;0.035915
0.050491;0.036
0.050755;0.036006
0.050843;0.036027
0.050843;0.036056
0.050931;0.036141
0.050931;0.036185
0.051019;0.036192
0.051019;0.036213
0.051194;0.036236
0.051282;0.036246
0.051546;0.036251
0.051634;0.036269
0.051634;0.036274
0.051634;0.036284
0.051722;0.036334
0.051722;0.036336
0.051722;0.036366
0.05181;0.036395
0.051898;0.036401
0.051986;0.036443
0.052074;0.03648
0.052162;0.03653
0.052162;0.036532
0.05225;0.036629
0.052426;0.036673
0.052514;0.036707
0.05269;0.036726
0.05269;0.036778
0.05269;0.0368
0.052778;0.036815
0.052866;0.036831
0.052866;0.036901
0.052866;0.036933
0.053042;0.036964
0.053218;0.036991
0.053218;0.03708
0.053218;0.037084
0.053306;0.037088
0.053306;0.037262
0.053306;0.037366
0.053394;0.037478
0.053394;0.037507
0.053394;0.037529
0.053394;0.037567
0.053569;0.03762
0.053833;0.037726
0.053833;0.037735
0.053921;0.037739
0.053921;0.037799
0.054009;0.037904
0.054185;0.037955
0.054185;0.03799
0.054537;0.038015
0.054537;0.038059
0.054713;0.038078
0.054713;0.038138
0.054977;0.038268
0.055241;0.038282
0.055329;0.038298
0.055329;0.038441
0.055329;0.038496
0.055593;0.038565
0.055593;0.038572
0.055593;0.038622
0.055856;0.038628
0.055856;0.038699
0.055944;0.0387
0.055944;0.038762
0.056032;0.038789
0.056032;0.038919
0.05612;0.038957
0.056384;0.038971
0.056384;0.038972
0.056384;0.039045
0.056472;0.039046
0.056472;0.03907
0.056648;0.039099
0.056648;0.039137
0.056824;0.039251
0.056824;0.039267
0.056912;0.039293
0.056912;0.039309
0.057088;0.039502
0.057176;0.039505
0.057264;0.03958
0.057264;0.039587
0.057264;0.039654
0.057528;0.039686
0.057616;0.039816
0.057616;0.039844
0.057704;0.039915
0.057792;0.040018
0.057792;0.040022
0.057792;0.040024
0.057792;0.040068
0.05788;0.04011
0.05788;0.040141
0.05788;0.040196
0.057968;0.0402
0.058144;0.040239
0.058144;0.040289
0.058144;0.040323
0.058319;0.040343
0.058407;0.040388
0.058495;0.040399
0.058583;0.040408
0.058583;0.040505
0.058759;0.040535
0.058759;0.040543
0.058759;0.040625
0.058847;0.040631
0.058847;0.040648
0.059111;0.040769
0.059287;0.040793
0.059639;0.040818
0.059815;0.04086
0.059815;0.040972
0.059815;0.040986
0.059991;0.041064
0.060079;0.041074
0.060079;0.041158
0.060167;0.041162
0.060255;0.041194
0.060343;0.041196
0.060343;0.041307
0.060343;0.041345
0.060606;0.04135
0.060782;0.04135
0.06087;0.041353
0.061046;0.041537
0.061134;0.041559
0.061134;0.041574
0.061222;0.041611
0.061222;0.041681
0.061486;0.041701
0.061486;0.041721
0.061486;0.041758
0.061574;0.041885
0.061662;0.04208
0.061662;0.042101
0.061662;0.042121
0.061662;0.042123
0.06175;0.042199
0.061838;0.042204
0.061926;0.042354
0.062014;0.042414
0.062014;0.042549
0.062102;0.042595
0.062102;0.042618
0.06219;0.042693
0.062366;0.042703
0.062366;0.042709
0.06263;0.042781
0.06263;0.042957
0.06263;0.042959
0.062718;0.043082
0.062718;0.043124
0.063069;0.043152
0.063069;0.043387
0.063157;0.043433
0.063245;0.043583
0.063245;0.043638
0.063333;0.043666
0.063421;0.043684
0.063421;0.043788
0.063509;0.043967
0.063509;0.043983
0.063685;0.044006
0.063685;0.044044
0.063685;0.044055
0.063861;0.044144
0.063949;0.044161
0.063949;0.04421
0.063949;0.044271
0.064037;0.044282
0.064037;0.044418
0.064213;0.04453
0.064301;0.044631
0.064301;0.044653
0.064301;0.044719
0.064389;0.044821
0.064389;0.044847
0.064477;0.044914
0.064565;0.044917
0.064565;0.044942
0.064565;0.044979
0.064653;0.045084
0.064741;0.04538
0.064741;0.045474
0.065005;0.045501
0.065005;0.045503
0.065093;0.045575
0.065269;0.045578
0.065269;0.045667
0.065356;0.045688
0.065356;0.045712
0.065356;0.045754
0.065356;0.045769
0.065444;0.045785
0.065532;0.045786
0.065708;0.045788
0.065884;0.045791
0.065884;0.045809
0.065972;0.045893
0.06606;0.045924
0.06606;0.045941
0.066148;0.045947
0.066148;0.046005
0.066236;0.046013
0.066236;0.046086
0.066324;0.04623
0.066324;0.046284
0.066412;0.046303
0.0665;0.046353
0.066588;0.046366
0.06694;0.046404
0.06694;0.04652
0.067028;0.046553
0.067028;0.046566
0.067204;0.04661
0.067292;0.046923
0.06738;0.046963
0.06738;0.046971
0.067468;0.047023
0.067468;0.047152
0.067468;0.04717
0.067556;0.047173
0.067644;0.047256
0.067731;0.047343
0.067731;0.047693
0.067819;0.047695
0.067907;0.047808
0.067907;0.047888
0.067995;0.047948
0.068083;0.048005
0.068171;0.04819
0.068259;0.048315
0.068259;0.04832
0.068259;0.04832
0.068347;0.048331
0.068347;0.048433
0.068435;0.048566
0.068523;0.048668
0.068611;0.048674
0.068611;0.048905
0.068611;0.048914
0.068699;0.048968
0.068787;0.048992
0.068787;0.049122
0.068787;0.049163
0.068963;0.049201
0.068963;0.049214
0.069051;0.049268
0.069139;0.049271
0.069139;0.04939
0.069139;0.049465
0.069227;0.049684
0.069315;0.049706
0.069403;0.049777
0.069403;0.049796
0.069403;0.049856
0.069579;0.049865
0.069579;0.050097
0.069755;0.050239
0.069755;0.050356
0.069755;0.050373
0.069755;0.050445
0.069843;0.050446
0.070019;0.05045
0.070194;0.050461
0.070194;0.050564
0.07037;0.050717
0.07037;0.050738
0.070458;0.050907
0.070458;0.05097
0.070722;0.050988
0.070986;0.05099
0.071074;0.051014
0.071162;0.051036
0.071162;0.051074
0.07125;0.051084
0.071602;0.051161
0.071602;0.051234
0.07169;0.051252
0.07169;0.05139
0.07169;0.051486
0.07169;0.051558
0.071778;0.051626
0.071954;0.051633
0.072042;0.051787
0.07213;0.051787
0.07213;0.051805
0.072218;0.051839
0.072218;0.051845
0.072394;0.051998
0.072657;0.05214
0.073009;0.052167
0.073097;0.05232
0.073097;0.052342
0.073185;0.052475
0.073273;0.052482
0.073273;0.052528
0.073449;0.052539
0.073449;0.052551
0.073537;0.052559
0.073537;0.052629
0.073625;0.052672
0.073625;0.052724
0.073713;0.052805
0.073713;0.052871
0.073801;0.052908
0.073801;0.052913
0.073889;0.053215
0.074153;0.053231
0.074153;0.053497
0.074329;0.053649
0.074505;0.05371
0.074505;0.053726
0.074593;0.053729
0.074593;0.054021
0.074681;0.054027
0.074769;0.05408
0.074856;0.054101
0.074856;0.054177
0.074856;0.054212
0.074856;0.054221
0.074944;0.054247
0.075208;0.054283
0.075384;0.054336
0.075384;0.054336
0.075384;0.054469
0.07556;0.054566
0.075648;0.054572
0.075648;0.054797
0.075648;0.054826
0.075736;0.05483
0.075824;0.0549
0.075912;0.05491
0.075912;0.055101
0.076;0.055114
0.076176;0.05512
0.076352;0.055264
0.07644;0.055373
0.076616;0.05552
0.076704;0.055658
0.076792;0.055847
0.076792;0.055848
0.07688;0.055887
0.076968;0.055932
0.076968;0.055981
0.077056;0.056026
0.077319;0.056172
0.077319;0.056255
0.077495;0.056295
0.077495;0.05634
0.077583;0.056389
0.077583;0.056475
0.077671;0.056541
0.077671;0.056584
0.077847;0.056693
0.077847;0.056718
0.077847;0.05674
0.077935;0.056915
0.077935;0.05707
0.078023;0.057169
0.078111;0.057191
0.078111;0.057238
0.078111;0.057247
0.078287;0.057326
0.078287;0.05736
0.078375;0.05738
0.078375;0.05742
0.078463;0.057427
0.078463;0.057489
0.078463;0.057717
0.078463;0.057745
0.078463;0.057753
0.078463;0.057756
0.078639;0.057787
0.078727;0.057922
0.078991;0.058101
0.079079;0.058104
0.079255;0.058116
0.079519;0.058239
0.079606;0.05824
0.079694;0.058254
0.07987;0.058361
0.07987;0.058366
0.079958;0.058482
0.080046;0.058496
0.080046;0.058559
0.080046;0.058646
0.080134;0.058746
0.080134;0.058826
0.080134;0.058971
0.080222;0.059058
0.080222;0.059073
0.080398;0.059122
0.080662;0.059188
0.08075;0.059199
0.08075;0.059355
0.081102;0.05941
0.081278;0.059411
0.081278;0.059513
0.081366;0.059562
0.081366;0.059565
0.081366;0.059647
0.081454;0.059667
0.081454;0.059737
0.081454;0.059941
0.08163;0.060119
0.081718;0.060133
0.081806;0.060257
0.081806;0.06026
0.081806;0.060317
0.081894;0.060337
0.081894;0.060432
0.082069;0.060483
0.082421;0.060493
0.082421;0.060711
0.082509;0.06079
0.082509;0.060834
0.082685;0.060863
0.082773;0.061007
0.082773;0.061118
0.082861;0.061118
0.083125;0.0612
0.083125;0.061224
0.083389;0.061327
0.083565;0.061417
0.083565;0.061489
0.083565;0.061508
0.083829;0.061724
0.083829;0.061795
0.083917;0.061828
0.084005;0.062023
0.084181;0.062055
0.084444;0.062071
0.084444;0.062078
0.084444;0.062302
0.084444;0.062309
0.084796;0.062311
0.084796;0.062326
0.084796;0.062384
0.084884;0.06244
0.084884;0.062497
0.084972;0.062577
0.08506;0.062586
0.085324;0.062754
0.085412;0.062797
0.085412;0.062802
0.085412;0.062924
0.085588;0.063069
0.085852;0.063082
0.085852;0.063087
0.085852;0.063127
0.086028;0.063166
0.086116;0.063383
0.086204;0.063424
0.086292;0.063497
0.086292;0.063519
0.086468;0.063551
0.086644;0.063598
0.086644;0.063598
0.086819;0.063634
0.086819;0.063786
0.086907;0.063817
0.086995;0.064101
0.087171;0.064178
0.087347;0.064208
0.087435;0.064287
0.087523;0.064398
0.087611;0.064616
0.087611;0.064717
0.087611;0.064793
0.087787;0.064909
0.087875;0.064987
0.087963;0.065029
0.088051;0.065156
0.088227;0.065261
0.088315;0.06541
0.088403;0.065453
0.088491;0.066137
0.088667;0.066161
0.088667;0.066162
0.088755;0.06629
0.089019;0.066324
0.089019;0.066412
0.08937;0.066431
0.089458;0.066453
0.089458;0.06658
0.089546;0.066601
0.089634;0.06665
0.089634;0.066674
0.089634;0.066965
0.089722;0.067197
0.08981;0.067217
0.08981;0.067294
0.089898;0.067354
0.089986;0.067413
0.09025;0.067661
0.090426;0.067716
0.090514;0.067788
0.090514;0.06784
0.090602;0.06808
0.090778;0.06821
0.090866;0.068219
0.090954;0.068228
0.091042;0.068279
0.091042;0.068444
0.09113;0.068515
0.091218;0.068533
0.091306;0.068534
0.091306;0.068659
0.091306;0.068768
0.091481;0.068825
0.091745;0.06892
0.091833;0.068933
0.091921;0.068967
0.091921;0.069098
0.092097;0.069176
0.092273;0.069225
0.092449;0.069249
0.092625;0.069257
0.092625;0.069447
0.092625;0.069473
0.092713;0.069525
0.092801;0.069644
0.092889;0.069811
0.092977;0.069931
0.092977;0.069972
0.093065;0.070277
0.093065;0.070277
0.093153;0.070281
0.093153;0.070468
0.093241;0.070938
0.093241;0.070977
0.093241;0.071169
0.093505;0.071185
0.093593;0.07155
0.093681;0.071603
0.093769;0.071789
0.093856;0.071825
0.093944;0.071869
0.09412;0.071879
0.09412;0.071967
0.094208;0.071972
0.094296;0.072053
0.094296;0.072094
0.094384;0.072236
0.094472;0.072503
0.09456;0.072543
0.094648;0.072555
0.094736;0.073023
0.094824;0.073024
0.095088;0.073034
0.095088;0.073083
0.095088;0.073201
0.095176;0.07328
0.095176;0.073426
0.095528;0.073427
0.095616;0.073518
0.095704;0.073788
0.095704;0.07383
0.095792;0.073974
0.095968;0.074029
0.095968;0.07427
0.096056;0.074301
0.096144;0.074415
0.096231;0.074528
0.096407;0.074794
0.096407;0.074958
0.096407;0.075091
0.096495;0.075445
0.096495;0.075448
0.096583;0.075494
0.096671;0.0756
0.096759;0.075701
0.096847;0.075821
0.096935;0.07587
0.097199;0.075957
0.097375;0.075992
0.097463;0.076243
0.097463;0.076263
0.097551;0.076453
0.097815;0.076567
0.098079;0.076641
0.098167;0.076715
0.098255;0.076721
0.098694;0.076757
0.098958;0.076905
0.099398;0.076949
0.099486;0.077125
0.099486;0.077156
0.099574;0.077439
0.099662;0.077721
0.09975;0.077722
0.099926;0.0778
0.100014;0.077807
0.100102;0.077916
0.100102;0.078028
0.100102;0.078391
0.100278;0.078457
0.100366;0.078535
0.100366;0.07873
0.100894;0.078796
0.100894;0.078821
0.100894;0.07889
0.100981;0.078924
0.100981;0.07912
0.101157;0.079129
0.101157;0.079245
0.101157;0.079512
0.101333;0.079928
0.101333;0.080153
0.101421;0.08017
0.101421;0.080175
0.101509;0.080208
0.101685;0.08034
0.101949;0.080367
0.102125;0.08072
0.102301;0.080862
0.102301;0.080877
0.102389;0.081044
0.102389;0.081103
0.102477;0.081141
0.102653;0.081164
0.102653;0.081238
0.102741;0.08126
0.102741;0.08133
0.102829;0.081529
0.102917;0.081721
0.103005;0.081779
0.103269;0.08189
0.103444;0.082249
0.103444;0.082256
0.103532;0.082352
0.103532;0.082508
0.103796;0.082585
0.103796;0.082593
0.103972;0.082702
0.10406;0.082721
0.104148;0.082751
0.104236;0.082831
0.104764;0.083164
0.104764;0.083486
0.104764;0.083607
0.104764;0.083696
0.10494;0.083743
0.10494;0.083925
0.10494;0.084071
0.10494;0.084103
0.105204;0.084176
0.105292;0.084333
0.10538;0.084423
0.105556;0.084453
0.105644;0.084557
0.105995;0.084568
0.105995;0.084597
0.106171;0.084641
0.106259;0.085073
0.106523;0.085172
0.106699;0.085274
0.106787;0.08528
0.107139;0.085319
0.107227;0.085346
0.107227;0.085351
0.107403;0.085354
0.107579;0.085416
0.107931;0.085467
0.107931;0.085474
0.107931;0.085559
0.108106;0.085807
0.108106;0.086141
0.108194;0.086151
0.108282;0.086485
0.10837;0.086588
0.10837;0.086595
0.108458;0.086637
0.108546;0.086692
0.108546;0.086939
0.108722;0.087017
0.108722;0.087028
0.10881;0.087164
0.108986;0.087223
0.109074;0.087327
0.109074;0.087429
0.109162;0.087655
0.10925;0.087656
0.10925;0.087822
0.109338;0.087881
0.109514;0.087969
0.109778;0.087982
0.109866;0.088106
0.11013;0.088218
0.110218;0.088421
0.110306;0.088437
0.110306;0.088478
0.110481;0.088523
0.110833;0.088537
0.110833;0.088771
0.110833;0.089088
0.111097;0.089343
0.111097;0.089377
0.111185;0.089433
0.111185;0.089555
0.111361;0.089675
0.111361;0.089696
0.111801;0.090014
0.111801;0.090026
0.111889;0.090078
0.111889;0.090316
0.111889;0.090349
0.111977;0.090476
0.112241;0.090516
0.112241;0.090531
0.112417;0.090694
0.112593;0.090988
0.113032;0.091069
0.113032;0.091197
0.113296;0.091224
0.11356;0.091667
0.113648;0.092118
0.113736;0.092167
0.114;0.092177
0.114;0.09226
0.114088;0.092304
0.114088;0.092368
0.114088;0.092514
0.114176;0.092529
0.114176;0.092586
0.11444;0.092658
0.11444;0.092701
0.11444;0.092772
0.114528;0.092888
0.114792;0.092901
0.114792;0.092921
0.11488;0.093061
0.115056;0.093213
0.115231;0.09341
0.115231;0.093467
0.115319;0.093653
0.115407;0.093688
0.115759;0.093807
0.115935;0.093932
0.116199;0.093935
0.116463;0.093951
0.116463;0.093996
0.116639;0.094577
0.116991;0.094779
0.117079;0.095023
0.117167;0.095044
0.117343;0.095192
0.117606;0.095426
0.117694;0.095486
0.117694;0.095533
0.117958;0.095607
0.117958;0.095773
0.118046;0.096064
0.118222;0.096162
0.11831;0.096644
0.11831;0.096675
0.118574;0.096691
0.118574;0.096696
0.11875;0.096749
0.11875;0.096766
0.118838;0.096819
0.119102;0.09714
0.119102;0.097201
0.119278;0.097293
0.119278;0.097313
0.119366;0.097453
0.11963;0.09753
0.119718;0.097598
0.119894;0.098021
0.119981;0.098302
0.120157;0.098341
0.120245;0.098353
0.120421;0.098451
0.120509;0.098481
0.120597;0.098836
0.120773;0.09912
0.120949;0.099313
0.121037;0.099447
0.121125;0.099703
0.121389;0.099887
0.121389;0.1
0.121565;0.100031
0.121653;0.100452
0.121653;0.100498
0.122005;0.100501
0.122093;0.100624
0.122356;0.100784
0.123236;0.101009
0.123412;0.10101
0.123852;0.101175
0.12394;0.101185
0.124028;0.101411
0.124028;0.101503
0.124116;0.101601
0.124204;0.101681
0.124204;0.101785
0.124292;0.101872
0.12438;0.101982
0.12438;0.102019
0.124468;0.102145
0.124644;0.102299
0.124644;0.10235
0.125083;0.102435
0.125171;0.102483
0.125171;0.102627
0.125347;0.103015
0.125523;0.103214
0.125699;0.103257
0.125875;0.103283
0.126051;0.10399
0.126315;0.104075
0.126403;0.104113
0.126579;0.10413
0.126755;0.104312
0.127019;0.104324
0.127634;0.104359
0.127986;0.1045
0.128162;0.104513
0.12825;0.104686
0.12869;0.104782
0.12869;0.104794
0.128778;0.104925
0.128866;0.104938
0.128866;0.104944
0.128954;0.1052
0.129218;0.105327
0.129218;0.105491
0.129218;0.105602
0.129481;0.105752
0.129745;0.106021
0.129745;0.106087
0.129833;0.106146
0.129921;0.106154
0.130273;0.106204
0.130361;0.106248
0.130361;0.106554
0.130449;0.106572
0.130449;0.107084
0.130537;0.107113
0.130801;0.107663
0.131065;0.107674
0.131065;0.10769
0.131153;0.107778
0.131153;0.107966
0.132208;0.108071
0.13256;0.108215
0.132824;0.108304
0.132824;0.108327
0.133;0.108425
0.133176;0.108599
0.133616;0.108697
0.133616;0.108873
0.133968;0.109328
0.134056;0.109382
0.134056;0.109396
0.134231;0.109481
0.134319;0.109543
0.134319;0.109702
0.134407;0.110065
0.134407;0.110374
0.134495;0.110383
0.134495;0.110863
0.134583;0.110942
0.134583;0.110974
0.134671;0.110992
0.134671;0.111031
0.134847;0.111314
0.135023;0.111363
0.135463;0.11153
0.135551;0.111964
0.135639;0.111994
0.135727;0.112116
0.135727;0.11219
0.136079;0.112209
0.136167;0.112613
0.136255;0.113196
0.136343;0.113312
0.136343;0.113545
0.136519;0.113686
0.136782;0.113693
0.136958;0.113734
0.137046;0.113858
0.137398;0.114123
0.13775;0.11421
0.137838;0.114456
0.137838;0.114572
0.137926;0.114613
0.138014;0.114634
0.138102;0.114707
0.138894;0.114717
0.138894;0.114906
0.138981;0.115208
0.139069;0.115393
0.139421;0.11577
0.139421;0.115947
0.139509;0.116007
0.140037;0.116221
0.140037;0.116777
0.140389;0.116839
0.140653;0.117628
0.140741;0.117644
0.140917;0.117916
0.141093;0.118119
0.141356;0.118365
0.141796;0.118421
0.141884;0.118536
0.142412;0.118741
0.142676;0.118811
0.142676;0.118859
0.142676;0.118911
0.143116;0.119295
0.143116;0.119299
0.14338;0.119368
0.143556;0.119428
0.143907;0.119629
0.143907;0.119696
0.143995;0.119972
0.143995;0.120655
0.144083;0.120774
0.144435;0.120777
0.144963;0.120944
0.145051;0.12111
0.145227;0.121116
0.145491;0.121205
0.145579;0.121457
0.145579;0.121572
0.145755;0.121665
0.145755;0.121789
0.145843;0.121796
0.14681;0.121854
0.146898;0.121979
0.147338;0.122048
0.147778;0.122067
0.147866;0.122428
0.148042;0.122762
0.148657;0.122906
0.149713;0.123219
0.150065;0.123782
0.150417;0.124057
0.150593;0.124092
0.150681;0.124195
0.150769;0.124423
0.150769;0.124435
0.15112;0.124454
0.15112;0.124557
0.151648;0.124604
0.152;0.124609
0.152088;0.125676
0.152176;0.125948
0.152352;0.126089
0.152792;0.126144
0.15288;0.126177
0.153144;0.126242
0.153583;0.126685
0.154023;0.127046
0.154199;0.127055
0.154551;0.127364
0.154991;0.12755
0.155079;0.128358
0.155694;0.128614
0.155694;0.12864
0.156486;0.128939
0.156838;0.128983
0.15719;0.129016
0.157366;0.12928
0.157366;0.129453
0.157454;0.129501
0.157981;0.129526
0.158421;0.129622
0.158509;0.129987
0.158509;0.13
0.158597;0.130048
0.158773;0.130107
0.159213;0.130114
0.159213;0.130253
0.159301;0.130282
0.159301;0.130549
0.159389;0.131058
0.159477;0.131239
0.159565;0.131597
0.159653;0.131896
0.159829;0.131965
0.160005;0.132099
0.160708;0.132308
0.161324;0.132604
0.161588;0.132997
0.162292;0.133695
0.162644;0.134069
0.162731;0.134214
0.162995;0.134236
0.163171;0.134439
0.163347;0.13486
0.163523;0.13489
0.163875;0.134916
0.164051;0.134992
0.164227;0.135076
0.164843;0.13509
0.165106;0.135119
0.166074;0.13514
0.166338;0.135844
0.166426;0.136379
0.166602;0.136924
0.166778;0.137278
0.167042;0.137331
0.167394;0.137774
0.167745;0.138098
0.167833;0.138201
0.168009;0.138371
0.168273;0.13841
0.168273;0.13848
0.168449;0.139042
0.168801;0.13907
0.168889;0.139155
0.169065;0.139191
0.169065;0.139256
0.169329;0.139412
0.169505;0.140135
0.169944;0.140231
0.170032;0.140234
0.170208;0.140947
0.170736;0.141088
0.171;0.141678
0.171176;0.141987
0.171616;0.142171
0.171704;0.142481
0.171792;0.142553
0.171792;0.142724
0.17188;0.142842
0.172583;0.142922
0.172671;0.142995
0.172935;0.143009
0.173287;0.143011
0.173639;0.143136
0.174079;0.143209
0.174079;0.143431
0.174606;0.143588
0.17487;0.143791
0.175134;0.143796
0.175134;0.144153
0.175134;0.144408
0.175134;0.144887
0.175398;0.145032
0.175398;0.145205
0.175574;0.145438
0.175838;0.1455
0.176014;0.145548
0.176014;0.145879
0.176366;0.145903
0.176718;0.146316
0.176806;0.146551
0.177157;0.146951
0.177333;0.146993
0.177421;0.147017
0.177509;0.147406
0.177509;0.147537
0.177509;0.147539
0.177949;0.147975
0.178389;0.148121
0.178653;0.148183
0.179005;0.148256
0.179181;0.148262
0.179708;0.148469
0.179796;0.14886
0.179972;0.148874
0.1805;0.149251
0.1805;0.1502
0.180588;0.151048
0.181028;0.151638
0.181116;0.151735
0.181468;0.15192
0.181907;0.152264
0.182083;0.152294
0.182347;0.152568
0.182435;0.152929
0.182435;0.153045
0.182523;0.153049
0.182523;0.153429
0.182699;0.153766
0.182787;0.153791
0.183667;0.15416
0.183667;0.154479
0.183843;0.155523
0.183843;0.155646
0.184019;0.155688
0.184194;0.155729
0.184898;0.156416
0.18525;0.156722
0.185514;0.156764
0.185602;0.157215
0.185602;0.157636
0.18569;0.157756
0.186657;0.158017
0.186745;0.158161
0.188065;0.158171
0.188241;0.158467
0.188769;0.158473
0.18912;0.158557
0.190088;0.158574
0.190088;0.158773
0.19044;0.158916
0.190616;0.159051
0.190968;0.15929
0.191144;0.159665
0.191231;0.159725
0.192023;0.160007
0.192111;0.160066
0.192287;0.160105
0.192463;0.160185
0.192551;0.160277
0.192639;0.160664
0.193079;0.160957
0.193255;0.161223
0.194926;0.1618
0.194926;0.161857
0.19519;0.162284
0.195278;0.162544
0.195894;0.162778
0.196597;0.163183
0.196861;0.163342
0.197741;0.163731
0.198005;0.163867
0.198005;0.163969
0.198093;0.164142
0.19862;0.16429
0.19906;0.164795
0.19906;0.164796
0.19906;0.164863
0.199236;0.164875
0.200116;0.165147
0.200116;0.165173
0.200292;0.165653
0.20038;0.165739
0.200907;0.166317
0.201435;0.166393
0.201699;0.167032
0.202051;0.167168
0.202315;0.167234
0.202491;0.167676
0.202579;0.167828
0.203106;0.167877
0.203106;0.16804
0.20337;0.168201
0.20337;0.168325
0.203634;0.168927
0.203722;0.168963
0.203722;0.169233
0.20381;0.169358
0.204338;0.169511
0.20469;0.169634
0.204954;0.169824
0.205745;0.170346
0.205833;0.17037
0.206273;0.171267
0.206449;0.171477
0.206449;0.17175
0.207153;0.172011
0.207769;0.172018
0.208384;0.172031
0.208472;0.172092
0.208472;0.172165
0.20856;0.172197
0.208736;0.172519
0.209;0.172657
0.20944;0.173202
0.20988;0.173414
0.210495;0.173428
0.210583;0.173983
0.210583;0.173987
0.211023;0.174043
0.211551;0.174153
0.211815;0.174864
0.212167;0.17509
0.212431;0.175391
0.212519;0.175588
0.212606;0.175759
0.212958;0.176378
0.213046;0.177089
0.213486;0.177432
0.213574;0.177794
0.213662;0.177811
0.214454;0.178098
0.214894;0.178111
0.215597;0.178574
0.216125;0.178609
0.216213;0.179226
0.216565;0.179759
0.216565;0.18026
0.217093;0.18054
0.217884;0.180567
0.21806;0.180606
0.218324;0.180797
0.218412;0.180803
0.219292;0.180971
0.219468;0.181294
0.219644;0.181665
0.219907;0.181874
0.219995;0.181937
0.220171;0.182015
0.220435;0.182147
0.221315;0.182549
0.221667;0.182716
0.221843;0.18279
0.222106;0.183025
0.223162;0.183643
0.22325;0.184775
0.223426;0.184783
0.223602;0.184853
0.223602;0.184897
0.223778;0.185228
0.223778;0.185691
0.224306;0.18612
0.224745;0.186146
0.226153;0.186915
0.226593;0.187288
0.226681;0.187584
0.227032;0.187618
0.227384;0.187648
0.227648;0.187681
0.227824;0.188085
0.22844;0.188314
0.229231;0.188415
0.229407;0.18863
0.230375;0.188694
0.230551;0.189021
0.230551;0.189511
0.230727;0.190001
0.230991;0.190265
0.231079;0.190803
0.231606;0.191012
0.233718;0.191671
0.234069;0.192333
0.234333;0.193245
0.234597;0.193519
0.234861;0.193665
0.234949;0.194101
0.235653;0.194364
0.235829;0.194512
0.235917;0.194946
0.236356;0.195625
0.236532;0.196111
0.23662;0.196665
0.236884;0.196893
0.23706;0.197204
0.237148;0.197771
0.237236;0.197971
0.237324;0.199089
0.237764;0.199114
0.237764;0.199314
0.238028;0.199354
0.238204;0.199859
0.238292;0.199984
0.238819;0.200071
0.239787;0.200385
0.239875;0.200538
0.240051;0.200875
0.241019;0.20117
0.241194;0.201913
0.24137;0.20235
0.24137;0.202482
0.241634;0.202519
0.242162;0.202785
0.242602;0.202836
0.24269;0.202884
0.242778;0.202894
0.242866;0.202896
0.242954;0.203256
0.243745;0.203832
0.243745;0.20461
0.243745;0.204636
0.244009;0.205491
0.244361;0.20584
0.244449;0.2059
0.244977;0.206316
0.245153;0.206481
0.246032;0.206597
0.246032;0.20778
0.246032;0.207818
0.24612;0.208186
0.246384;0.20826
0.246648;0.208499
0.246912;0.208756
0.247264;0.20885
0.247528;0.209481
0.247704;0.209651
0.248144;0.210869
0.248495;0.21109
0.248759;0.211482
0.249111;0.211528
0.249551;0.211831
0.249639;0.212364
0.249815;0.212575
0.249903;0.212831
0.249903;0.212905
0.250694;0.213002
0.25087;0.213184
0.25087;0.213373
0.25087;0.213434
0.250958;0.214368
0.251134;0.214619
0.251486;0.215444
0.251574;0.215451
0.252366;0.215568
0.252894;0.216311
0.252894;0.216357
0.253333;0.2166
0.254213;0.21823
0.255444;0.219192
0.255972;0.219399
0.257028;0.219622
0.257028;0.220406
0.257731;0.220592
0.257819;0.221389
0.257819;0.221522
0.257819;0.222138
0.257995;0.222367
0.259051;0.222926
0.259139;0.223008
0.259667;0.22305
0.259843;0.223259
0.260106;0.223423
0.261162;0.223669
0.26125;0.224018
0.261954;0.226147
0.261954;0.226381
0.262218;0.226829
0.262394;0.228114
0.263097;0.228446
0.263185;0.228724
0.263273;0.228989
0.263625;0.229102
0.265208;0.229112
0.265472;0.229388
0.266704;0.229462
0.267144;0.229958
0.267319;0.23008
0.267407;0.231052
0.267759;0.231375
0.267847;0.231604
0.268287;0.231686
0.268727;0.232555
0.269255;0.232562
0.270134;0.232724
0.27031;0.23299
0.270486;0.233539
0.271102;0.233881
0.27163;0.233893
0.271894;0.233975
0.271894;0.234071
0.271981;0.234392
0.272157;0.234704
0.272421;0.235533
0.272597;0.236007
0.272949;0.236905
0.273037;0.237106
0.273037;0.237265
0.273213;0.23772
0.273477;0.238246
0.273653;0.238506
0.273653;0.238991
0.273829;0.240618
0.273917;0.24085
0.274269;0.241006
0.274708;0.241081
0.275236;0.243822
0.275236;0.243958
0.2755;0.244
0.2755;0.244412
0.277523;0.244476
0.277611;0.245146
0.277787;0.245269
0.278227;0.245615
0.279106;0.245627
0.280162;0.245674
0.280602;0.245729
0.281042;0.246368
0.281218;0.246471
0.281393;0.247675
0.281393;0.247771
0.281393;0.248455
0.281481;0.249059
0.282273;0.249459
0.282449;0.249749
0.282625;0.251136
0.282889;0.251374
0.283329;0.251797
0.283856;0.251887
0.28412;0.2524
0.284824;0.25255
0.286144;0.252776
0.286583;0.252859
0.287463;0.253244
0.287639;0.253256
0.287815;0.253624
0.287991;0.254287
0.288079;0.254492
0.289222;0.254809
0.289574;0.25511
0.289662;0.255167
0.289926;0.255387
0.290278;0.255478
0.290366;0.255484
0.290542;0.256026
0.291069;0.256246
0.291333;0.256795
0.291421;0.25858
0.291773;0.258604
0.291949;0.259793
0.292477;0.260444
0.294236;0.260733
0.294676;0.261104
0.294676;0.261418
0.295819;0.261488
0.295907;0.261601
0.296259;0.262253
0.297403;0.262393
0.297579;0.263007
0.298106;0.263108
0.29925;0.264374
0.299338;0.264581
0.299778;0.264908
0.30013;0.265745
0.300218;0.266283
0.300306;0.266683
0.300394;0.267467
0.301097;0.267613
0.301185;0.268133
0.302065;0.268398
0.302417;0.269033
0.303208;0.269052
0.304264;0.269172
0.304352;0.269566
0.304792;0.270745
0.305231;0.270841
0.305407;0.271349
0.305759;0.271807
0.305759;0.272273
0.305847;0.272503
0.306287;0.273349
0.306375;0.273743
0.306903;0.276567
0.307958;0.277125
0.307958;0.278036
0.308398;0.278152
0.30963;0.278447
0.310069;0.278699
0.310069;0.278883
0.310685;0.279846
0.310685;0.280277
0.311125;0.280655
0.311213;0.281901
0.311389;0.281992
0.311653;0.283288
0.311829;0.284242
0.312005;0.28427
0.312093;0.285051
0.312532;0.28538
0.313236;0.286135
0.315699;0.286167
0.315699;0.286851
0.316315;0.287396
0.316579;0.28798
0.316579;0.289383
0.317019;0.290278
0.317194;0.290792
0.318514;0.290816
0.318602;0.291528
0.318778;0.293411
0.318866;0.293562
0.319745;0.293905
0.320537;0.294063
0.320537;0.295249
0.320713;0.296507
0.320801;0.297231
0.320801;0.297282
0.321593;0.298517
0.321593;0.29876
0.321856;0.299286
0.322032;0.299778
0.322824;0.29994
0.323352;0.3004
0.323528;0.300641
0.323704;0.301102
0.324231;0.301955
0.325727;0.302239
0.326167;0.302465
0.327134;0.302608
0.327486;0.302828
0.327574;0.303641
0.328718;0.303844
0.328981;0.30487
0.330213;0.304917
0.330829;0.305144
0.330917;0.305731
0.331093;0.306984
0.331181;0.308543
0.331444;0.308547
0.331972;0.309332
0.331972;0.309455
0.332236;0.310454
0.332324;0.312531
0.332764;0.312907
0.333028;0.313165
0.335227;0.314909
0.336194;0.315343
0.336194;0.315406
0.33725;0.3165
0.337426;0.317355
0.337954;0.317517
0.337954;0.318222
0.338833;0.318236
0.339009;0.318403
0.339449;0.318426
0.341824;0.318733
0.34244;0.319293
0.342792;0.319625
0.34288;0.319876
0.34288;0.320397
0.342968;0.320808
0.344639;0.321453
0.344727;0.32156
0.344991;0.321882
0.34675;0.322687
0.346926;0.322736
0.347278;0.323544
0.347718;0.324247
0.347718;0.324411
0.347806;0.325216
0.347981;0.325982
0.348949;0.326154
0.348949;0.326461
0.349301;0.327551
0.35194;0.327914
0.352028;0.328215
0.352731;0.328536
0.352819;0.32868
0.352907;0.329039
0.352907;0.329172
0.352907;0.329892
0.353259;0.331509
0.353523;0.332373
0.353787;0.334556
0.354491;0.335071
0.354579;0.337249
0.354667;0.338736
0.35537;0.33884
0.355898;0.339637
0.356074;0.339656
0.356162;0.339767
0.356514;0.339851
0.356514;0.34017
0.356602;0.341994
0.35713;0.342087
0.357921;0.343438
0.357921;0.343477
0.358273;0.344645
0.358449;0.344957
0.359241;0.345609
0.36012;0.345963
0.360208;0.346219
0.361352;0.347129
0.362319;0.347464
0.362495;0.347655
0.362583;0.347829
0.363727;0.349687
0.365398;0.349719
0.367509;0.349891
0.369093;0.350391
0.369181;0.350691
0.369972;0.351412
0.370412;0.352213
0.370412;0.352454
0.371028;0.353252
0.372171;0.353689
0.372171;0.354257
0.373403;0.354782
0.374986;0.355203
0.375866;0.355514
0.380352;0.356064
0.38088;0.357931
0.381495;0.358433
0.381583;0.358559
0.381583;0.359008
0.383519;0.360439
0.383606;0.360481
0.383694;0.36235
0.384574;0.363637
0.384662;0.363761
0.385718;0.363799
0.387301;0.365073
0.388269;0.365394
0.388884;0.365657
0.388884;0.366224
0.390292;0.366673
0.390292;0.367054
0.391083;0.369824
0.391171;0.370805
0.391435;0.372076
0.391963;0.372707
0.392051;0.372882
0.392491;0.374408
0.393458;0.374841
0.393546;0.3755
0.393898;0.375528
0.394074;0.377416
0.395745;0.377623
0.396449;0.377794
0.396713;0.378619
0.396713;0.37984
0.396977;0.38094
0.397241;0.381591
0.398032;0.384349
0.39812;0.385762
0.399792;0.386815
0.400759;0.387347
0.400847;0.388567
0.401375;0.390008
0.401903;0.390917
0.402079;0.393102
0.403662;0.394456
0.404102;0.394558
0.404454;0.394882
0.405421;0.395864
0.405509;0.395893
0.405773;0.39625
0.406037;0.396578
0.406213;0.396963
0.406213;0.398561
0.406741;0.400458
0.407005;0.401817
0.407093;0.401886
0.408588;0.403321
0.409819;0.403617
0.409819;0.407332
0.410875;0.408717
0.410963;0.409072
0.410963;0.410557
0.412019;0.410756
0.412106;0.410885
0.41237;0.412251
0.414218;0.414179
0.415097;0.415142
0.415449;0.4166
0.415977;0.420494
0.416944;0.421309
0.419759;0.42175
0.420111;0.422278
0.420111;0.424556
0.420815;0.424635
0.421167;0.425128
0.421606;0.42546
0.42187;0.427075
0.42231;0.427458
0.423454;0.428136
0.424069;0.429294
0.424949;0.429474
0.426884;0.429977
0.428028;0.433093
0.428644;0.433247
0.428907;0.43486
0.429875;0.434977
0.430139;0.435531
0.43313;0.438844
0.433481;0.440171
0.434361;0.441597
0.435417;0.441602
0.435769;0.443226
0.436384;0.443719
0.43656;0.444413
0.436648;0.444484
0.436912;0.444702
0.437;0.445157
0.437264;0.447909
0.437704;0.44896
0.438495;0.4506
0.440694;0.4506
0.44087;0.450637
0.44087;0.450648
0.441398;0.450855
0.441926;0.451344
0.442014;0.453156
0.443509;0.453773
0.443861;0.454707
0.445181;0.455233
0.445356;0.455503
0.445444;0.455609
0.445796;0.456009
0.446588;0.456726
0.447644;0.457638
0.448435;0.457851
0.448435;0.458042
0.448875;0.458868
0.448963;0.460354
0.449139;0.460999
0.449843;0.462286
0.450898;0.463028
0.450898;0.46375
0.451338;0.465861
0.451338;0.46798
0.454241;0.46853
0.454329;0.46875
0.454329;0.47058
0.45512;0.475601
0.455824;0.477973
0.456352;0.478309
0.456616;0.479066
0.456704;0.480503
0.456792;0.481066
0.457319;0.483482
0.458111;0.483678
0.458639;0.485135
0.459167;0.485528
0.459519;0.486487
0.462333;0.486634
0.462685;0.488146
0.463477;0.489832
0.463829;0.492897
0.464005;0.497066
0.465764;0.499158
0.466556;0.500218
0.466644;0.501025
0.466819;0.502606
0.466995;0.503492
0.467171;0.504234
0.467347;0.504433
0.467435;0.505942
0.467699;0.506544
0.468139;0.509482
0.468139;0.511696
0.468843;0.511974
0.468843;0.514352
0.470074;0.51639
0.471657;0.517206
0.471921;0.518101
0.473769;0.519729
0.474208;0.51995
0.474384;0.521332
0.474824;0.524644
0.476847;0.5257
0.479134;0.525824
0.47931;0.52588
0.480894;0.527836
0.481509;0.529067
0.482037;0.532777
0.482301;0.533857
0.482917;0.534734
0.483005;0.535031
0.483532;0.535635
0.485204;0.536452
0.486875;0.538369
0.486963;0.539078
0.487755;0.539187
0.488458;0.539633
0.488634;0.54147
0.489514;0.544483
0.489602;0.545197
0.490218;0.545611
0.492065;0.545875
0.492593;0.547271
0.49444;0.548466
0.495144;0.548605
0.496991;0.548935
0.497167;0.553631
0.49831;0.553881
0.499542;0.554739
0.499718;0.554765
0.500157;0.558504
0.501125;0.558727
0.501213;0.558746
0.501477;0.558982
0.501653;0.562374
0.501829;0.562461
0.503676;0.56625
0.50438;0.568091
0.505963;0.571223
0.507546;0.573598
0.507986;0.574822
0.509745;0.574991
0.511944;0.58088
0.51212;0.584071
0.516431;0.58423
0.516607;0.584796
0.516694;0.58577
0.519245;0.5858
0.519861;0.58872
0.520389;0.589231
0.521093;0.593139
0.522588;0.593482
0.524083;0.593943
0.525403;0.599891
0.527954;0.6008
0.528306;0.601971
0.529009;0.602897
0.530856;0.603554
0.531824;0.605991
0.532968;0.606041
0.533056;0.606414
0.533671;0.60709
0.534023;0.607141
0.534023;0.607425
0.534287;0.608692
0.534375;0.609835
0.535167;0.61103
0.535518;0.611668
0.535607;0.612915
0.536574;0.614435
0.538861;0.620974
0.54194;0.622697
0.544931;0.622733
0.546074;0.623096
0.548361;0.62675
0.549593;0.62741
0.553639;0.631434
0.554694;0.63325
0.555398;0.635152
0.555662;0.637687
0.556102;0.641792
0.556454;0.64554
0.55663;0.646092
0.562787;0.64829
0.563051;0.648736
0.567449;0.653293
0.569296;0.654036
0.57088;0.654931
0.573167;0.655068
0.574134;0.65528
0.577389;0.657135
0.577653;0.658635
0.578796;0.662158
0.581171;0.662819
0.581875;0.666026
0.583898;0.667113
0.58425;0.668348
0.585394;0.670765
0.587241;0.674998
0.587681;0.676394
0.594981;0.676669
0.595773;0.682735
0.595861;0.682783
0.596653;0.687767
0.597532;0.693862
0.598676;0.694882
0.601755;0.701578
0.603338;0.702356
0.607648;0.702538
0.607824;0.703922
0.60844;0.705069
0.609847;0.705896
0.609935;0.706768
0.609935;0.71504
0.610903;0.71551
0.61794;0.716215
0.618644;0.718034
0.620491;0.719445
0.621986;0.72161
0.624097;0.72409
0.630343;0.724251
0.633333;0.731844
0.633421;0.733493
0.637204;0.736779
0.637731;0.739436
0.639843;0.741668
0.641602;0.744272
0.642042;0.746491
0.644065;0.746571
0.644417;0.751973
0.647671;0.757035
0.651102;0.758743
0.651278;0.759513
0.652245;0.767359
0.652949;0.768464
0.656995;0.768705
0.658227;0.770544
0.659722;0.77981
0.66025;0.781504
0.663153;0.782181
0.668079;0.788535
0.672301;0.789271
0.67362;0.793489
0.679514;0.798028
0.684528;0.808199
0.687079;0.810577
0.688486;0.815113
0.688838;0.818079
0.693148;0.81997
0.693148;0.832029
0.6935;0.833766
0.694204;0.836335
0.698602;0.836359
0.702032;0.837273
0.705375;0.837592
0.713556;0.843337
0.714787;0.844192
0.715755;0.84487
0.71725;0.846863
0.717426;0.849508
0.718833;0.859361
0.719361;0.86097
0.724727;0.863752
0.724903;0.865731
0.725167;0.867189
0.729477;0.871335
0.7315;0.875563
0.73581;0.879289
0.736426;0.879535
0.736514;0.881292
0.739505;0.881847
0.743111;0.88205
0.749093;0.884002
0.751028;0.894907
0.752963;0.89769
0.754986;0.900468
0.756657;0.903732
0.756745;0.905036
0.757889;0.908446
0.758065;0.91331
0.759208;0.917079
0.767389;0.924932
0.775393;0.925338
0.775921;0.928816
0.777505;0.93864
0.780231;0.941419
0.783398;0.94408
0.789556;0.9456
0.795625;0.94974
0.802838;0.951644
0.807764;0.951859
0.80794;0.952279
0.808819;0.958772
0.81181;0.962143
0.81656;0.968552
0.817176;0.975227
0.821134;0.978072
0.825444;0.979495
0.82738;0.98176
0.831426;0.991259
0.83688;0.991843
0.847259;0.992985
0.853505;0.996624
0.864676;0.999553
0.864676;1.01126
0.889657;1.021454
0.895023;1.039929
0.898366;1.046996
0.914815;1.062981
0.925106;1.072789
0.946218;1.087277
0.972431;1.096814
0.973662;1.104325
0.980875;1.117685
0.985009;1.128418
0.986417;1.133781
0.989231;1.139426
1.007088;1.157876
1.051421;1.163166
1.051773;1.174335
1.057667;1.182742
1.060569;1.190738
1.098394;1.225802
1.112731;1.248621
1.126542;1.257143
1.13437;1.279503
1.138241;1.302197
1.171491;1.319237
1.290417;1.322382
1.291736;1.365081
1.383569;1.381223
1.420162;1.398746
1.472852;1.399186
1.50012;1.443119
1.570227;1.492003
1.799722;1.505652
1.862968;1.516173
1.911259;1.726999
1.957176;2.258063
